5 Sep. 2024
▪ 30y 24000 2.975
▪ 91d 8000 3.080
▪ 2y 20000 2.990
0 0 0 0 0 0.000
0 0 0 0 0 0.000
KR Market
KR Bond(%,bp) YTM 1D 1W 1M
CD91D 3.510 0.0 -1.0 3.0
2.991 -2.6 -4.0 -3.5 6000 3.320 3.321 AAA
2.985 -5.0 -0.5 9.5 4000 3.320 3.321 AAA
2.927 -5.3 1.2 11.2 3400 3.240 3.337 AAA
2.990 -6.1 1.8 16.0 2500 3.300 3.307 AAA
3.047 -7.3 -0.3 15.5 1900 3.240 3.263 AAA
3.085 -5.0 2.9 17.8 1600 3.230 3.364 AAA
KR Credit(%,bp) YTM 1D 1W 1M 1600 3.674 3.544 AA-
3.600 -4.3 3.4 24.2 1400 3.272 3.272 AAA
3.506 -3.9 4.1 22.3 1400 3.66 3.486 AA-
6.979 -5.3 1.0 10.7 1000 3.190 3.206 AAA
KTB Futures(tick) 1D 1W
KTBF 3Y 105.81 16 3 (십억계약,%,년)
LKTBF 10Y 116.48 58 14
KR Stock(%) Index 1D 1W 1M 26-07-02 2.99 250 1 .8 26-12-10 2.96 -50 2 .3
KOSPI 2580.80 -3.15 -4.05 5.70 26-03-04 3.32 250 1 .5 26-04-02 3.05 -50 1 .6
25-09-04 3.33 160 1 .0 29-03-10 2.99 -40 4 .5
KOSDAQ 731.75 -3.76 -4.03 5.85 34-06-10 3.05 104 9 .8 32-12-10 3.12 -30 8 .3
FX Market(%) Price 1D 1W 1M 43-09-10 3.08 85 1 9.0 30-06-10 3.07 -25 5 .8
849 4 .3 -195 3 .9
1342.2 0.06 0.24 -2.37
920.81 -0.19 -0.49 -4.49
29-09-04 3.27 70 5 .0 25-06-10 3.02 -150 0 .8
34-06-10 3.07 43 9 .8 25-06-10 3.02 -150 0 .8
IRS(%) 1D(bp) CRS(%) 1D(bp) Spread(bp) 1D(bp) 26-03-04 3.32 40 1 .5 27-06-10 3.00 -87 2 .8
53-03-10 2.99 20 2 8.5 26-12-10 3.00 -50 2 .3
1Y 3.190 -1.50 1Y 2.905 -2.5 19.9 1.10 25-01-05 3.50 20 0 .3 26-01-26 3.37 -30 1 .4
2Y 2.978 -3.75 2Y 2.75 -6 -0.7 1.25 193 7 .3 -467 1 .3
3Y 2.890 -5.50 3Y 2.735 -5.5 -3.7 -0.20
26-03-04 3.32 140 1 .5 34-06-10 3.06 -145 9 .8
5Y 2.840 -6.50 5Y 2.76 -3.5 -15.0 -0.40 25-09-04 3.35 130 1 .0 24-09-20 3.55 -100 0 .0
10Y 2.865 -6.75 10Y 2.675 -3.5 -18.2 0.55 24-09-13 3.57 120 0 .0 26-12-10 2.97 -54 2 .3
26-03-04 3.32 100 1 .5 24-10-01 3.39 -50 0 .1
24-09-20 3.55 80 0 .0 26-03-10 3.03 -50 1 .5
US Bond Market 570 0 .9 -399 4 .1
US Bond(%,bp) YTM 1D 1W 1M
UST2Y 3.758 -10.9 -11.7 -16.4 52-03-10 3.05 285 2 7.5 53-03-10 3.00 -15 2 8.5
25-06-10 3.01 160 0 .8 72-09-10 2.90 -5 4 8.0
UST5Y 3.551 -8.9 -11.6 -9.1 43-09-10 3.08 80 1 9.0 39-09-10 3.05 -7.0 1 5.0
UST10Y 3.757 -7.6 -8 -3.3 25-09-04 3.34 60 1 .0 30-06-10 3.07 -3.7 5 .8
25-09-05 3.32 50 1 .0 34-06-10 3.12 -2.0 9 .8
UST30Y 4.06 -6.6 -6.6 -1.4 635 1 5.1 -33 2 4.9
KR Credit Market (계약수)
Bond Yield(%, bp) Yield 1D 1W 1M 3M 1Y
3.312 -1.5 1.7 10.7 -24.9 -53 -44 151 -1157 -3284 4469
3.194 -4.4 3.3 17.0 -30.8 -90.1 3380 1269 -670 -2980 -1460
3.212 -6.0 2.0 18.9 -30.0 -92.5
3.345 -1.9 -0.8 11.8 -24.2 -57.9 Fund Flow (십억원)
3.227 -5.1 1.8 13.9 -36.6 -100.4 1D 1W 1M YTD
3.269 -5.9 2.0 16.8 -39.6 -108.1 MMF* 198443.9 2685.9 -1028.3 -7609.9 27386.4
3.460 -2.0 -0.8 9.2 -25.2 -65.7 171010.1 162.4 270.1 2609.5 34426.9
3.486 -4.3 3.4 22.2 -26.7 -108 118310.9 -243.4 473 5472.1 14443.2
3.610 -6.2 1.8 21.3 -36.9 -115.8 1670296.4 4634.1 -568.2 18831.2 53703.6
3.547 -2.0 0.7 12.7 -21.3 -75.3 64701.6 -232.7 -517.7 -5387.6 -5873.8
3.600 -4.3 3.4 24.2 -27.4 -122.1 *는 T-2일 기준, 펀드는 설정액 및 ETF 제외 기준
3.728 -6.2 1.3 20.8 -39.0 -124.7 **는 T-4일 기준
4.335 -2.5 -4.8 -2.8 -38.6 -75.9
4.539 -5.3 1.2 12.0 -42.7 -108.6 (십억원)
4.853 -6.2 1.8 16.0 -40.9 -106.3
5.057 -2.5 -4.8 -2.8 -38.1 -72.9 A0 2025-03-03 3.898 4.15 180
5.332 -5.3 1.2 12.0 -41.9 -104.6 AA- 2027-09-03 - 3.67 80
5.537 -6.2 1.8 16.0 -40.9 -104.8 AA0 2027-01-22 3.41 3.39 60
5.624 -2.5 -4.8 -2.8 -38.6 -72.4 AA0 2025-02-14 3.401 3.5 50
5.962 -5.3 1.2 12.0 -41.4 -101.6 AA- 2026-04-19 3.571 3.57 50
6.178 -6.2 1.8 16.0 -40.9 -104 AA- 2026-04-20 3.501 3.47 50
3.326 -1.2 -1.2 6.4 -31.7 -68 A- 2026-06-04 4.636 4.7 50
3.339 -3.9 3.6 17.9 -31.2 -92.7 A+ 2025-02-24 3.521 3.52 50
3.364 -5.6 2.8 19.9 -32.7 -107.7 AAA 2024-11-22 3.542 3.62 40
3.353 -1.7 -1.2 6.8 -30.5 -74.5 SK312-1 AA+ 2026-08-28 3.349 3.4 40
3.422 -4.0 4.1 21.7 -26.0 -100.5 AAA 2026-04-20 3.279 3.29 40
3.453 -5.4 3.1 21.9 -34.7 -116.4 AA0 2026-08-28 3.48 3.48 40
3.374 -1.7 -1.2 6.8 -31.5 -76.8 AA0 2027-08-30 3.854 3.9 30
3.459 -4.0 4.0 21.9 -26.3 -100.3 A 2026-03-04 - 3.82 22
3.517 -5.5 3.1 21.8 -35.2 -116.1 AAA 2026-08-25 3.374 3.35 20
3.403 -1.7 -1.2 6.8 -31.5 -77.5 AAA 2031-01-14 3.474 3.44 20
3.506 -3.9 4.1 22.3 -26.3 -101.8 AAA 2026-07-14 3.373 3.37 20
3.621 -5.5 3.0 21.9 -35.9 -116.7 AA+ 2027-02-12 3.501 3.51 20
