4 Sep. 2024
▪ 30Y 24000 2.975
▪ 91D 8000 3.080
▪ 0 0 0 0 0 0.000
0 0 0 0 0 0.000
0 0 0 0 0 0.000
KR Market
KR Bond(%,bp) YTM 1D 1W 1M
CD91D 3.510 -1.0 -1.0 3.0
3.017 -1.1 -2.3 -7.3 8000 3.080 3.246 AAA
3.035 -1.5 3.0 3.0 6000 3.280 3.274 AAA
2.980 -1.2 4.5 4.4 3300 3.340 3.327 AAA
3.051 -0.1 6.2 10.9 3000 3.380 3.246 AAA
3.120 -0.5 5.5 15.0 2800 3.558 3.470 AA+
3.135 1.0 7.5 17.3 2300 3.340 3.327 AAA
KR Credit(%,bp) YTM 1D 1W 1M 2200 3.340 3.353 AAA
3.643 -0.8 6.7 17.5 2200 3.557 3.430 AA+
3.545 -0.9 7.1 14.9 2000 3.39 3.268 AAA
7.032 -1.4 4.3 4.2 2000 3.408 3.272 AAA
KTB Futures(tick) 1D 1W
KTBF 3Y 105.65 4 -24 (십억계약,%,년)
LKTBF 10Y 115.90 8 -65
KR Stock(%) Index 1D 1W 1M 26-09-03 3.28 300 2 .0 25-06-10 3.03 -120 0 .8
KOSPI 2664.63 -0.61 -0.92 -0.43 26-06-10 3.05 150 1 .8 26-04-02 3.09 -90 1 .6
26-03-03 3.34 140 1 .5 26-12-10 3.01 -80 2 .3
KOSDAQ 760.37 -1.15 -0.60 -2.43 26-07-02 3.05 130 1 .8 26-01-02 3.09 -60 1 .3
FX Market(%) Price 1D 1W 1M 27-03-03 3.22 130 2 .5 25-06-10 3.03 -40 0 .8
850 1 .9 -390 1 .3
1341.4 0.22 0.78 -2.17
922.58 1.11 0.44 1.37
54-09-10 3.00 143 3 0.0 30-12-10 3.14 -75 6 .3
34-06-10 3.12 115 9 .8 27-06-10 2.99 -47 2 .8
IRS(%) 1D(bp) CRS(%) 1D(bp) Spread(bp) 1D(bp) 27-09-03 3.38 90 3 .0 29-06-10 3.09 -40 4 .8
27-09-03 3.56 90 3 .0 24-09-28 4.34 -30 0 .1
1Y 3.205 -0.25 1Y 2.93 -2 18.8 0.85 26-09-03 3.56 70 2 .0 25-06-10 3.03 -30 0 .8
2Y 3.015 -1.75 2Y 2.81 -0.5 -2.0 -0.25 508 1 2.0 -222 3 .7
3Y 2.945 -1.25 3Y 2.79 -0.5 -3.5 -0.05
5Y 2.905 -1.50 5Y 2.795 0 -14.6 -1.40 25-09-03 3.56 160 1 .0 54-03-10 3.01 -113 2 9.5
26-09-03 3.39 110 2 .0 27-06-10 2.99 -31 2 .8
10Y 2.933 -1.75 10Y 2.71 0 -18.8 -1.25 54-09-10 3.00 70 3 0.0 27-03-03 3.07 -30 2 .5
27-09-03 3.38 60 3 .0 24-09-13 3.77 -30 0 .0
26-03-03 3.34 60 1 .5 34-06-10 3.13 -23 9 .8
US Bond Market 460 6 .0 -227 1 6.4
US Bond(%,bp) YTM 1D 1W 1M
UST2Y 3.867 -5.4 -3.6 -1.7 26-06-10 3.05 150 1 .8 25-06-10 3.05 -121 0 .8
25-12-10 3.08 110 1 .3 53-03-10 3.04 -40 2 8.5
UST5Y 3.64 -6.4 -1.1 2 26-03-10 3.09 110 1 .5 25-03-10 3.13 -32.0 0 .5
UST10Y 3.833 -7.2 0.9 3.9 54-03-10 3.00 54 2 9.5 33-06-10 3.16 -30.0 8 .8
26-04-02 3.08 40 1 .6 24-09-10 3.01 -24.5 0 .0
UST30Y 4.126 -7 1.1 1.7 465 4 .8 -248 6 .1
KR Credit Market (계약수)
Bond Yield(%, bp) Yield 1D 1W 1M 3M 1Y
3.327 -0.1 3.0 6.9 -23.4 -50.8 994 -37 -361 5018 -5348
3.238 -0.8 6.0 9.8 -26.4 -82.3 4743 1502 -725 -804 -5943
3.272 0.0 6.6 14.2 -24.0 -82.5
3.364 -0.4 1.3 8.3 -22.3 -55.5 Fund Flow (십억원)
3.278 -0.9 5.2 7.9 -31.5 -92.1 1D 1W 1M YTD
3.328 -0.1 6.4 12.3 -33.7 -98.6 MMF* 195758 333.5 -2797.7 -12579.1 24700.5
3.480 -1.0 0.2 5.7 -23.2 -63.2 170847.7 206.8 297.3 2387.2 34264.5
3.529 -0.8 6.7 15.5 -22.4 -100.4 118554.3 758.2 440.7 6213.7 14686.6
3.672 0.0 7.0 16.3 -30.7 -105.6 1670296.4 3517.5 4292.2 17830.6 53703.6
3.567 -1.0 1.7 9.2 -19.3 -72.3 64701.6 75.4 -903.4 -5234 -5873.8
3.643 -0.8 6.7 17.5 -23.1 -114.5 *는 T-2일 기준, 펀드는 설정액 및 ETF 제외 기준
3.790 0.0 6.5 15.8 -32.8 -114.5 **는 T-4일 기준
4.360 -1.0 -3.8 -5.8 -36.1 -72.4
4.592 -1.2 4.0 6.3 -37.4 -100 (십억원)
4.915 0.0 6.2 11.0 -34.7 -96.1
5.082 -1.0 -3.8 -5.8 -35.6 -69.4 - 2028-05-24 - 4.22 200
5.385 -1.2 4.0 6.3 -36.6 -96 A+ 2024-09-28 4.277 4.26 160
5.599 0.0 6.2 11.0 -34.7 -94.6 AA+ 2027-09-03 - 3.56 140
5.649 -1.0 -3.8 -5.8 -36.1 -68.9 - 2030-07-26 - 3.48 120
6.015 -1.2 4.0 6.3 -36.1 -93 AA+ 2026-09-03 - 3.56 100
6.240 0.0 6.2 11.0 -34.7 -93.8 AA- 2026-08-28 3.608 3.66 100
3.338 -0.7 -0.2 1.2 -30.5 -66.2 - 2029-12-20 - 4.89 78
3.378 -0.9 6.3 10.2 -27.3 -85.8 - 2031-06-10 - 3.94 70
3.420 0.2 6.8 14.4 -27.1 -98.1 - 2028-04-21 - 5.53 60
3.370 -0.4 0.3 2.2 -28.8 -72.3 AA0 2025-01-22 3.462 3.53 50
3.462 -0.8 7.1 14.4 -22.0 -93.3 AA- 2025-02-14 3.717 3.7 50
3.507 0.0 7.7 16.1 -29.3 -107 AA0 2025-10-27 3.411 3.45 50
3.391 -0.4 0.4 2.2 -29.8 -74.6 A0 2027-01-26 3.8 4 40
3.499 -0.9 7.0 14.6 -22.3 -93.1 - 2028-12-20 - 3.92 40
3.572 0.1 7.8 16.2 -29.7 -106.6 S-Oil61-1 AA+ 2029-09-03 - 3.4 40
3.420 -0.4 0.3 2.2 -29.8 -75.3 A+ 2025-01-30 3.493 3.58 40
3.545 -0.9 7.1 14.9 -22.4 -94.7 AA- 2025-07-18 3.638 3.65 40
3.676 0.0 7.8 16.2 -30.4 -107.2 A+ 2026-01-26 5.439 5.6 35
