25 Sep. 2024
▪ 10Y 16000 3.000
▪ 91d 8000 3.030
▪ 0 0 0 0 0 0.000
0 0 0 0 0 0.000
0 0 0 0 0 0.000
KR Market
KR Bond(%,bp) YTM 1D 1W 1M
CD91D 3.530 0.0 0.0 2.0
2.865 -0.4 -0.6 -17.0 8000 3.030 3.179
2.915 -0.5 0.5 -7.7 6000 3.180 3.179 AAA
2.860 0.0 4.0 -5.7 6000 4.800 5.463 AA-
2.910 0.7 8.0 -4.2 3000 3.110 3.217 AAA
3.032 0.7 10.5 2.7 2200 3.190 - AAA
2.948 0.8 12.8 -6.4 1990 3.517 - AA
KR Credit(%,bp) YTM 1D 1W 1M 1800 3.097 3.152 AAA
3.468 -0.5 1.0 -8.0 1800 3.124 3.130 AAA
3.439 -0.5 3.5 -0.4 1700 3.13 3.102 AAA
6.890 0.0 4.0 -8.1 1500 3.630 3.301 AA+
KTB Futures(tick) 1D 1W
KTBF 3Y 106.23 0 -13 (십억계약,%,년)
LKTBF 10Y 117.00 -9 -100
KR Stock(%) Index 1D 1W 1M 26-06-10 2.92 250 1 .7 26-09-03 2.93 -80 1 .9
KOSPI 2631.68 1.14 2.18 -2.59 27-03-24 3.10 180 2 .5 28-03-10 2.93 -70 3 .5
26-09-24 3.13 150 2 .0 26-03-10 2.94 -33 1 .5
KOSDAQ 767.35 1.62 4.66 -0.76 26-09-10 2.89 150 2 .0 27-09-10 2.91 -30 3 .0
FX Market(%) Price 1D 1W 1M 25-09-24 3.20 150 1 .0 32-12-10 3.04 -20 8 .2
880 1 .8 -233 3 .0
1334.9 -0.07 0.41 -0.29
922.16 -0.82 -2.42 1.22
26-09-24 3.18 250 2 .0 30-12-10 3.04 -90 6 .2
54-09-10 2.92 58 3 0.0 30-12-10 3.01 -76 6 .2
IRS(%) 1D(bp) CRS(%) 1D(bp) Spread(bp) 1D(bp) 33-12-10 3.05 49 9 .2 29-12-10 3.03 -80 5 .2
25-01-20 3.51 40 0 .3 43-09-10 3.00 -30 1 9.0
1Y 3.120 -1.000 1Y 2.75 -1.5 25.5 -0.6 26-03-10 2.94 30 1 .5 29-03-10 2.96 -30 4 .5
2Y 2.898 0.250 2Y 2.635 0 -1.8 0.7 427 6 .4 -306 7 .0
3Y 2.830 0.250 3Y 2.64 0 -3.0 0.2
5Y 2.813 1.500 5Y 2.68 0 -9.8 0.8 25-09-24 3.63 100 1 .0 27-06-10 2.85 -69 2 .7
26-01-24 3.22 70 1 .3 26-09-10 2.89 -68 2 .0
10Y 2.848 1.500 10Y 2.67 2.5 -18.5 0.8 24-10-02 3.59 40 0 .0 24-10-02 2.76 -50 0 .0
24-10-18 3.54 40 0 .1 26-12-10 2.88 -38 2 .2
27-03-24 3.41 40 2 .5 26-06-10 2.92 -30 1 .7
US Bond Market 290 1 .0 -255 1 .8
US Bond(%,bp) YTM 1D 1W 1M
UST2Y 3.54 -4.9 -6.9 -37.7 26-06-10 2.92 280 1 .7 25-03-10 2.99 -20 0 .5
26-09-10 2.88 100 2 .0 43-09-10 3.00 -16 1 9.0
UST5Y 3.469 -3.8 2.4 -18.1 29-12-10 2.99 80 5 .2 51-03-10 2.67 -20.0 2 6.5
UST10Y 3.73 -2.1 8.3 -7.1 54-03-10 2.93 78 2 9.5 24-12-10 2.91 -0.5 0 .2
54-09-10 2.90 85 3 0.0 25-09-10 2.85 -0.4 1 .0
UST30Y 4.086 -0.7 12.6 -0.7 623 9 .5 -57 1 4.8
KR Credit Market (계약수)
Bond Yield(%, bp) Yield 1D 1W 1M 3M 1Y
3.217 -0.3 -0.1 -6.8 -29.5 -75.6 3220 760 -1322 5468 -7208
3.130 0.0 3.6 -2.6 -26.4 -113.7 9780 1254 -1722 14557 -22704
3.173 0.5 7.8 0.3 -21.7 -113.9
3.235 -0.4 -0.4 -10.7 -27.5 -81.2 Fund Flow (십억원)
3.159 0.0 3.8 -4.8 -30.2 -122.7 1D 1W 1M YTD
3.229 0.5 8.0 0.1 -25.4 -126.6 MMF* 191017.6 #N/A #N/A #N/A 19960.1
3.328 -1.5 -2.5 -12.5 -30.5 -87.6 172309 #N/A #N/A #N/A 35725.8
3.364 0.0 2.0 -7.0 -24.9 -135.4 117479.7 #N/A #N/A #N/A 13612
3.545 0.0 6.5 -1.2 -25.7 -137.3 1671315.2 -13636 -12505.6 9284.2 54722.4
3.420 -1.5 -2.5 -10.5 -26.3 -96.7 61317.2 -218.3 -806.3 -4599.1 -9258.2
3.468 -0.5 1.0 -8.0 -25.0 -151.2 *는 T-2일 기준, 펀드는 설정액 및 ETF 제외 기준
3.658 0.0 6.0 -2.2 -28.0 -146.7 **는 T-4일 기준
4.188 -1.5 -2.5 -20.5 -44.1 -100.3
4.417 -0.5 1.5 -12.7 -38.3 -135 (십억원)
4.788 0.0 6.5 -2.7 -29.7 -127.3
4.910 -1.5 -2.5 -20.5 -44.1 -97.3 AA- 2054-09-24 - 4.79 224
5.210 -0.5 1.5 -12.7 -38.3 -131 AA0 2025-02-28 3.647 3.7 120
5.472 0.0 6.5 -2.7 -29.7 -125.8 AA- 2025-02-17 3.556 3.56 61
5.477 -1.5 -2.5 -20.5 -44.6 -96.8 AA- 2026-01-16 3.445 3.45 60
5.840 -0.5 1.5 -12.7 -37.8 -128 AAA 2027-03-30 3.38 3.34 60
6.113 0.0 6.5 -2.7 -29.7 -125 - 2027-07-09 - 2.73 56
3.254 -0.1 0.5 -7.9 -32.8 -87.5 AAA 2026-04-22 3.161 3.18 50
3.289 -0.7 3.7 0.0 -25.0 -110.8 SBS13-2 AA0 2025-09-01 3.322 3.37 50
3.329 0.2 7.5 1.6 -21.0 -124.4 AA0 2027-03-18 3.408 3.37 50
3.276 0.1 0.4 -8.1 -32.8 -93.3 AA+ 2024-10-22 3.576 3.53 50
3.355 -0.5 3.5 -0.5 -23.0 -119.5 AA- 2024-10-07 3.684 3.76 50
3.402 0.4 7.4 0.8 -22.9 -133.5 AA0 2029-09-12 3.301 3.29 40
3.298 0.1 0.3 -7.9 -32.7 -95.5 AA0 2029-04-27 3.771 3.81 40
3.391 -0.5 3.4 -0.6 -23.5 -119.6 AA- 2025-09-19 3.482 3.46 40
3.466 0.3 7.3 0.8 -23.1 -133.4 AAA 2028-02-28 3.312 3.26 40
3.327 0.1 0.3 -8.0 -32.6 -96.2 AA0 2029-09-26 3.474 3.42 40
3.439 -0.5 3.5 -0.4 -22.9 -121 AA0 2029-05-10 3.279 3.32 40
3.570 0.3 7.3 0.8 -23.3 -133.9 AA0 2029-01-28 3.28 3.27 40
