26 Sep. 2024
▪ 10Y 16000 3.000
▪ 91d 8000 3.030
▪ 2Y 2400 2.930
0 0 0 0 0 0.000
0 0 0 0 0 0.000
KR Market
KR Bond(%,bp) YTM 1D 1W 1M
CD91D 3.530 0.0 0.0 2.0
2.845 -2.0 -2.6 -18.5 4800 3.170 3.170 AAA
2.875 -4.0 -3.5 -9.2 3500 3.170 3.170 AAA
2.812 -4.8 -0.8 -7.8 3100 3.170 3.170 AAA
2.875 -3.5 4.5 -5.2 2500 3.100 3.235 AAA
2.997 -3.5 7.0 2.2 2000 3.950 5.466 AA-
2.930 -1.8 11.0 -6.2 1400 5.800 6.330 A0
KR Credit(%,bp) YTM 1D 1W 1M 1200 3.410 3.450 AAA
3.420 -4.8 -3.8 -10.1 1100 3.180 3.194 AAA
3.394 -4.5 -1.0 -2.9 1100 3.190 3.194 AAA
6.842 -4.8 -0.8 -10.2 1000 3.210 3.229 AAA
KTB Futures(tick) 1D 1W
KTBF 3Y 106.37 14 5 (십억계약,%,년)
LKTBF 10Y 117.35 35 -20
KR Stock(%) Index 1D 1W 1M 26-12-25 3.17 100 2 .2 28-03-10 2.92 -150 3 .5
KOSPI 2596.32 -1.34 0.81 -3.77 27-03-25 3.17 100 2 .5 25-06-10 2.93 -137 0 .7
25-12-10 2.93 70 1 .2 29-03-10 2.93 -123 4 .5
KOSDAQ 759.30 -1.05 3.56 -0.98 25-07-02 2.85 70 0 .8 27-09-10 2.90 -110 3 .0
FX Market(%) Price 1D 1W 1M 26-12-10 2.91 70 2 .2 25-09-10 2.83 -79 1 .0
410 1 .9 -599 2 .6
1331 -0.29 0.11 0.32
926.88 0.51 -1.92 0.32
29-09-10 2.89 26 5 .0 24-12-20 3.18 -150 0 .2
74-09-10 2.72 100 5 0.0 25-09-10 2.83 -120 1 .0
IRS(%) 1D(bp) CRS(%) 1D(bp) Spread(bp) 1D(bp) 32-12-10 3.06 20 8 .2 25-07-02 2.85 -80 0 .8
54-09-10 2.90 22 3 0.0 25-09-10 2.83 -50 1 .0
1Y 3.080 -4.000 1Y 2.735 -1.5 23.5 -2.0 27-09-10 2.91 20 3 .0 29-03-10 2.94 -32 4 .5
2Y 2.863 -3.500 2Y 2.615 -2 -1.3 0.5 188 3 2.0 -432 0 .9
3Y 2.798 -3.250 3Y 2.63 -1 -1.5 1.5
5Y 2.783 -3.000 5Y 2.67 -1 -9.2 0.5 27-03-25 3.17 110 2 .5 24-10-03 3.40 -40 0 .0
26-12-25 3.17 90 2 .2 26-12-10 2.87 -37 2 .2
10Y 2.820 -2.750 10Y 2.67 0 -17.7 0.7 26-09-28 3.36 60 2 .0 29-03-10 2.94 -35 4 .5
27-03-25 3.17 60 2 .5 54-09-10 2.89 -33 3 0.0
26-03-25 3.19 50 1 .5 54-03-10 2.91 -22 2 9.5
US Bond Market 370 2 .2 -167 1 1.3
US Bond(%,bp) YTM 1D 1W 1M
UST2Y 3.561 2.1 -6 -37.7 25-09-25 3.19 100 1 .0 25-06-10 2.93 -88 0 .7
26-09-10 2.85 60 2 .0 25-09-10 2.82 -37 1 .0
UST5Y 3.527 5.8 4.2 -14.1 25-12-10 2.93 40 1 .2 54-03-10 2.91 -23.0 2 9.5
UST10Y 3.787 5.7 8.1 -3 25-05-02 3.30 40 0 .6 29-07-31 3.35 -5.1 4 .8
26-09-10 2.87 40 2 .0 24-12-10 2.80 -1.0 0 .2
UST30Y 4.142 5.6 12.1 3.5 280 1 .3 -154 5 .2
KR Credit Market (계약수)
Bond Yield(%, bp) Yield 1D 1W 1M 3M 1Y
3.199 -1.8 -1.9 -8.3 -31.5 -78 5509 -573 -379 2322 -5155
3.083 -4.7 -1.1 -4.8 -31.5 -120.1 9610 413 284 11398 -21562
3.138 -3.5 4.3 -0.7 -26.7 -120
3.218 -1.7 -2.1 -12.0 -29.3 -84 Fund Flow (십억원)
3.111 -4.8 -1.0 -7.1 -35.4 -129.1 1D 1W 1M YTD
3.194 -3.5 4.5 -1.0 -29.9 -132.7 MMF* 191017.6 -468.7 2873.7 -7697.1 19960.1
3.311 -1.7 -4.2 -14.2 -32.5 -89.3 172309 59.8 -67.8 1695.3 35725.8
3.316 -4.8 -2.8 -9.1 -29.9 -141.2 117479.7 540.4 1774.5 -597.9 13612
3.510 -3.5 3.0 -2.2 -30.4 -143.3 1671315.2 -13636 -12505.6 9284.2 54722.4
3.403 -1.7 -4.2 -12.2 -28.3 -98.4 61317.2 -218.3 -806.3 -4599.1 -9258.2
3.420 -4.8 -3.8 -10.1 -29.8 -158 *는 T-2일 기준, 펀드는 설정액 및 ETF 제외 기준
3.623 -3.5 2.5 -3.2 -32.7 -152.7 **는 T-4일 기준
4.168 -2.0 -4.5 -22.0 -46.1 -102.3
4.369 -4.8 -3.3 -14.8 -43.3 -141.8 (십억원)
4.753 -3.5 3.0 -3.7 -34.4 -133.3
4.890 -2.0 -4.5 -22.0 -46.1 -99.3 AA- 2099-12-31 - 3.94 54
5.162 -4.8 -3.3 -14.8 -43.3 -137.8 AAA 2027-03-29 3.192 3.22 50
5.437 -3.5 3.0 -3.7 -34.4 -131.8 S-Oil61-1 AA0 2029-09-03 3.319 3.31 50
5.457 -2.0 -4.5 -22.0 -46.1 -98.8 - 2029-12-20 - 4.91 40
5.792 -4.8 -3.3 -14.8 -42.8 -134.8 - 2028-12-20 - 3.84 40
6.078 -3.5 3.0 -3.7 -34.4 -131 AA- 2029-10-14 3.368 3.37 30
3.237 -1.7 -1.2 -9.3 -34.1 -90 AA- 2029-07-11 3.798 3.8 30
3.248 -4.1 -0.4 -2.3 -29.5 -116.8 AA- 2025-01-23 3.46 3.51 30
3.297 -3.2 4.3 0.6 -25.2 -130.2 AA- 2026-01-15 3.477 3.46 30
3.259 -1.7 -1.3 -9.6 -34.0 -95.8 AA+ 2025-06-26 3.378 3.39 30
3.310 -4.5 -1.0 -3.0 -27.6 -125.9 AA0 2028-09-12 3.77 3.79 30
3.371 -3.1 4.3 0.2 -26.7 -139.2 AA0 2027-02-26 3.725 3.75 30
3.281 -1.7 -1.4 -9.5 -33.8 -98 AAA 2031-11-09 3.322 3.33 30
3.346 -4.5 -1.1 -3.1 -28.0 -126 AAA 2024-11-11 3.443 3.47 30
3.435 -3.1 4.2 0.2 -26.8 -139 AAA 2025-04-29 3.334 3.33 30
3.311 -1.6 -1.3 -9.4 -33.3 -98.6 AA- 2026-03-10 3.277 3.3 30
3.394 -4.5 -1.0 -2.9 -27.5 -127.4 AAA 2029-03-25 3.217 3.24 30
3.540 -3.0 4.3 0.3 -27.0 -139.5 2030-07-26 - 3.64 30
