23 Sep. 2024
▪ 20Y 3000 2.920
▪ 3Y 10000 2.940
▪ 0 0 0 0 0 0.000
0 0 0 0 0 0.000
0 0 0 0 0 0.000
KR Market
KR Bond(%,bp) YTM 1D 1W 1M
CD91D 3.530 0.0 0.0 1.0
2.867 -0.6 -0.4 -14.4 4000 3.120 3.243 AAA
2.900 -1.0 -1.0 -10.4 3000 3.140 3.241 AAA
2.837 0.2 1.7 -10.3 2500 3.110 3.130 AAA
2.870 1.6 4.0 -9.1 2500 1.470 2.902 AAA
2.992 2.3 6.5 -0.5 2200 3.190 3.173 AAA
2.912 1.0 9.2 -8.5 2000 3.150 3.160 AAA
KR Credit(%,bp) YTM 1D 1W 1M 2000 3.220 3.215 AAA
3.460 -0.8 0.2 -10.1 1500 3.210 3.215 AAA
3.422 0.3 1.8 -3.6 1500 3.13 3.243 AAA
6.867 0.2 1.7 -12.7 1300 2.980 - AAA
KTB Futures(tick) 1D 1W
KTBF 3Y 106.32 0 -4 (십억계약,%,년)
LKTBF 10Y 117.35 -20 -65
KR Stock(%) Index 1D 1W 1M 54-09-10 2.87 139 3 0.0 54-03-10 2.89 -105 2 9.5
KOSPI 2593.37 0.49 0.70 -3.99 27-03-20 3.10 110 2 .5 26-12-10 2.88 -60 2 .2
26-09-20 3.15 100 2 .0 24-12-06 3.56 -50 0 .2
KOSDAQ 748.33 1.19 2.06 -4.04 29-09-20 3.19 90 5 .0 26-07-02 2.91 -30 1 .8
FX Market(%) Price 1D 1W 1M 27-03-19 3.06 80 2 .5 33-12-10 3.03 -20 9 .2
519 1 0.2 -265 1 3.1
1329.1 0.01 -0.03 -0.56
926.85 -0.34 -1.92 1.50
33-12-10 3.01 65 9 .2 29-12-10 2.97 -60 5 .2
34-06-10 2.99 62 9 .7 30-12-10 3.00 -50 6 .2
IRS(%) 1D(bp) CRS(%) 1D(bp) Spread(bp) 1D(bp) 27-06-10 2.84 52 2 .7 54-03-10 2.89 -42 2 9.5
54-09-10 2.87 51 3 0.0 26-09-10 2.89 -40 2 .0
1Y 3.133 -1.750 1Y 2.77 -2.5 26.6 -1.1 74-09-10 2.69 166 5 0.0 25-11-15 3.22 -20 1 .2
2Y 2.878 -0.750 2Y 2.61 1 -2.3 0.3 396 2 8.2 -212 9 .3
3Y 2.803 0.750 3Y 2.595 1.5 -3.5 0.6
34-06-10 2.99 88 9 .7 25-12-10 2.96 -80 1 .2
5Y 2.770 1.000 5Y 2.635 2.5 -10.0 -0.6 26-09-20 3.11 90 2 .0 24-11-11 3.52 -40 0 .1
10Y 2.805 2.000 10Y 2.6 2.5 -18.7 -0.3 26-03-20 3.21 80 1 .5 32-12-10 3.03 -20 8 .2
27-06-10 2.84 48 2 .7 26-10-08 3.42 -20 2 .0
25-02-25 3.42 30 0 .4 27-05-07 3.31 -20 2 .6
US Bond Market 336 3 .9 -180 2 .0
US Bond(%,bp) YTM 1D 1W 1M
UST2Y 3.597 1.1 1.3 -33.8 54-09-10 2.87 133 3 0.0 54-03-10 2.89 -119 2 9.5
25-09-10 2.82 129 1 .0 25-06-10 2.97 -50 0 .7
UST5Y 3.501 1.7 6.9 -15.8 26-06-10 2.93 70 1 .7 33-06-10 3.04 -20.8 8 .7
UST10Y 3.743 2.6 8.8 -5.9 25-08-20 3.24 70 0 .9 27-12-10 2.89 -3.0 3 .2
26-06-10 2.91 50 1 .7 30-12-10 2.98 -3.0 6 .2
UST30Y 4.086 3.5 10.4 0.7 452 9 .7 -196 1 9.2
KR Credit Market (계약수)
Bond Yield(%, bp) Yield 1D 1W 1M 3M 1Y
3.221 -0.2 0.3 -3.8 -28.6 -75 3266 -99 763 1145 -7274
3.108 -0.1 1.4 -6.3 -23.5 -117.7 -15406 -845 -2511 10864 7433
3.135 1.5 4.0 -4.1 -21.4 -118.4
3.238 -0.5 -0.1 -8.7 -26.7 -82.1 Fund Flow (십억원)
3.137 0.1 1.6 -9.0 -27.7 -128.2 1D 1W 1M YTD
3.190 1.7 4.1 -4.6 -26.3 -132.9 MMF* 190831.2 2687.3 2356.4 -9526.3 19773.7
3.348 -0.5 -0.5 -8.5 -27.7 -87.1 172114.5 -262.3 86.2 2164.1 35531.3
3.346 -0.8 0.2 -10.1 -22.5 -141 115896.5 191.3 316.1 -2354.9 12028.8
3.515 1.0 3.5 -4.7 -25.7 -142.8 1683820.8 3814.4 13150.4 25564 67228
3.440 -0.5 -0.5 -6.5 -22.8 -96.2 62123.5 -1317.3 -1838.3 -4440.5 -8451.9
3.460 -0.8 0.2 -10.1 -21.6 -155.8 *는 T-2일 기준, 펀드는 설정액 및 ETF 제외 기준
3.633 1.0 3.5 -5.2 -27.5 -151.7 **는 T-4일 기준
4.208 -0.5 -0.5 -17.0 -41.1 -99.8
4.404 -0.8 0.2 -16.3 -35.4 -140.1 (십억원)
4.758 1.0 3.5 -6.5 -29.7 -132.8
4.930 -0.5 -0.5 -17.0 -41.1 -96.8 AAA 2025-04-25 3.329 3.42 220
5.197 -0.8 0.2 -16.3 -35.4 -136.1 A+ 2050-10-21 4.648 4.4 100
5.442 1.0 3.5 -6.5 -29.7 -131.3 AA+ 2027-04-23 3.383 3.38 60
5.497 -0.5 -0.5 -17.0 -41.6 -96.3 AA0 2027-01-25 3.384 3.38 60
5.827 -0.8 0.2 -16.3 -34.9 -133.1 AA- 2028-04-25 3.942 3.85 60
6.083 1.0 3.5 -6.5 -29.7 -130.5 AA0 2026-06-29 3.201 3.2 60
3.253 -0.1 0.4 -5.7 -32.5 -86.9 2027-06-21 - 4.35 60
3.271 0.0 1.9 -3.9 -22.2 -116 AA- 2026-05-12 3.563 3.53 50
3.292 1.4 3.8 -3.0 -22.2 -130.3 AA- 2026-12-14 3.61 3.55 50
3.275 -0.2 0.3 -5.2 -32.7 -93.2 AA0 2027-09-12 3.245 3.28 50
3.339 0.4 1.9 -3.6 -20.5 -124.4 SK304-3 AA+ 2027-09-16 3.293 3.31 44
3.368 1.7 4.0 -3.5 -24.0 -140 AA0 2029-04-08 3.239 3.24 40
3.297 -0.3 0.2 -5.0 -32.6 -95.4 AAA 2024-10-23 3.451 3.53 40
3.374 0.3 1.7 -3.8 -21.1 -124.5 AAA 2025-04-22 3.331 3.43 40
3.433 1.8 4.0 -3.4 -24.2 -139.7 AAA 2026-06-10 3.18 3.23 40
3.326 -0.3 0.2 -5.1 -32.6 -96.1 AA- 2027-03-15 3.629 3.63 40
3.422 0.3 1.8 -3.6 -20.7 -126 AA- 2024-10-25 3.572 3.67 40
3.537 1.8 4.0 -3.4 -25.0 -140.3 AA0 2028-09-12 3.73 3.76 40
