24 Sep. 2024
▪ 10Y 16000 3.000
▪ 91d 8000 3.030
▪ 0 0 0 0 0 0.000
0 0 0 0 0 0.000
0 0 0 0 0 0.000
KR Market
KR Bond(%,bp) YTM 1D 1W 1M
CD91D 3.530 0.0 0.0 2.0
2.869 0.2 -0.2 -16.6 5000 3.200 3.205 AAA
2.920 2.0 1.0 -7.2 4000 3.190 3.108 AAA
2.860 2.3 4.0 -5.7 3000 3.189 3.150 AAA
2.903 3.3 7.3 -4.9 3000 3.200 3.205 AAA
3.025 3.3 9.8 2.0 2500 3.590 3.238 AAA
2.940 2.8 12.0 -7.2 1000 3.108 3.138 AAA
KR Credit(%,bp) YTM 1D 1W 1M 1000 3.220 3.221 AAA
3.473 1.3 1.5 -7.5 210 8.500 - -
3.444 2.2 4.0 0.1 200 5.15 5.579 A-
6.890 2.3 4.0 -8.1 160 4.900 - -
KTB Futures(tick) 1D 1W
KTBF 3Y 106.23 -9 -13 (십억계약,%,년)
LKTBF 10Y 117.09 -26 -91
KR Stock(%) Index 1D 1W 1M 24-12-24 3.05 510 0 .3 34-06-10 3.02 -179 9 .7
KOSPI 2602.01 0.33 1.03 -3.69 26-06-10 2.94 200 1 .7 25-06-20 3.27 -50 0 .7
26-07-02 2.92 100 1 .8 28-09-10 2.94 -40 4 .0
KOSDAQ 755.12 0.91 2.99 -2.35 26-03-23 3.20 100 1 .5 29-03-10 2.94 -40 4 .5
FX Market(%) Price 1D 1W 1M 27-03-23 3.11 90 2 .5 28-03-10 2.94 -40 3 .5
1,000 1 .0 -349 6 .5
1335.9 0.51 0.48 -0.22
929.79 0.32 -1.61 2.05
27-09-23 3.19 220 3 .0 30-03-24 3.60 -40 5 .5
34-06-10 3.02 171 9 .7 29-12-10 3.01 -20 5 .2
IRS(%) 1D(bp) CRS(%) 1D(bp) Spread(bp) 1D(bp) 26-09-23 3.19 170 2 .0 26-07-02 2.92 -20 1 .8
33-12-10 3.03 56 9 .2 27-12-10 2.91 -20 3 .2
1Y 3.130 -0.250 1Y 2.765 -0.5 26.1 -0.5 54-09-10 2.89 53 3 0.0 30-08-13 3.65 -20 5 .9
2Y 2.895 1.750 2Y 2.635 2.5 -2.5 -0.2 670 7 .1 -120 4 .5
3Y 2.828 2.500 3Y 2.64 4.5 -3.2 0.2
5Y 2.798 2.750 5Y 2.68 4.5 -10.6 -0.6 25-09-23 3.59 170 1 .0 24-12-08 3.46 -65 0 .2
24-11-10 3.63 80 0 .1 28-03-10 2.96 -30 3 .5
10Y 2.833 2.750 10Y 2.645 4.5 -19.3 -0.6 26-07-02 2.92 70 1 .8 43-09-10 2.99 -28 1 9.0
26-09-23 3.19 60 2 .0 26-06-10 2.94 -30 1 .7
25-12-23 3.22 50 1 .2 25-07-03 3.33 -30 0 .8
US Bond Market 430 1 .1 -183 4 .0
US Bond(%,bp) YTM 1D 1W 1M
UST2Y 3.589 -0.8 3.6 -32.8 24-12-24 3.05 265 0 .3 54-03-10 2.91 -24 2 9.5
26-06-10 2.93 162 1 .7 51-03-10 2.86 -10 2 6.5
UST5Y 3.507 0.6 10.3 -14.3 26-09-10 2.89 111 2 .0 31-06-10 2.98 -4.2 6 .7
UST10Y 3.751 0.8 13.2 -5 54-09-10 2.89 44 3 0.0 24-10-18 0.00 0.0 0 .1
26-09-10 2.91 40 2 .0 27-09-10 0.00 0.0 3 .0
UST30Y 4.093 0.7 16.3 0 622 3 .2 -38 2 6.2
KR Credit Market (계약수)
Bond Yield(%, bp) Yield 1D 1W 1M 3M 1Y
3.220 -0.1 0.2 -6.5 -29.7 -74.8 4646 550 84 160 -5794
3.130 2.2 3.6 -2.6 -25.5 -111.2 3680 67 -453 5128 -9429
3.168 3.3 7.3 -0.2 -21.1 -111.8
3.239 0.1 0.0 -10.3 -27.3 -80.8 Fund Flow (십억원)
3.159 2.2 3.8 -4.8 -29.4 -120.8 1D 1W 1M YTD
3.224 3.4 7.5 -0.4 -24.7 -125.1 MMF* 191486.3 655.1 3342.4 -8466.5 20428.8
3.343 -0.5 -1.0 -11.0 -29.2 -86.6 172249.2 134.7 -127.6 2130.1 35666
3.364 1.8 2.0 -7.0 -23.9 -133.9 116939.3 1042.8 1234.1 -1200 13071.6
3.545 3.0 6.5 -1.2 -24.9 -135.5 1684951.2 1178.3 7623.7 26694.4 68358.4
3.435 -0.5 -1.0 -9.0 -24.8 -95.7 61535.5 -1707.8 -2354 -5028.5 -9039.9
3.473 1.3 1.5 -7.5 -23.5 -149.2 *는 T-2일 기준, 펀드는 설정액 및 ETF 제외 기준
3.658 2.5 6.0 -2.2 -27.2 -144.9 **는 T-4일 기준
4.203 -0.5 -1.0 -19.0 -42.6 -99.3
4.422 1.8 2.0 -12.2 -36.8 -133 (십억원)
4.788 3.0 6.5 -2.7 -28.9 -125.5
4.925 -0.5 -1.0 -19.0 -42.6 -96.3 AAA 2027-05-07 3.22 3.25 50
5.215 1.8 2.0 -12.2 -36.8 -129 AA0 2027-02-19 3.39 3.35 50
5.472 3.0 6.5 -2.7 -28.9 -124 AA+ 2026-03-03 3.285 3.31 30
5.492 -0.5 -1.0 -19.0 -43.1 -95.8 S-Oil61-1 AA0 2029-09-03 3.288 3.31 30
5.845 1.8 2.0 -12.2 -36.3 -126 AAA 2024-11-11 3.381 3.41 30
6.113 3.0 6.5 -2.7 -28.9 -123.2 - 2025-09-23 - 8.5 21
3.255 0.2 0.6 -7.8 -32.8 -86.5 - 2025-04-29 - 3.56 20
3.296 2.5 4.4 0.7 -23.5 -108.3 - 2028-12-20 - 3.84 20
3.327 3.5 7.3 1.4 -20.1 -122.8 - 2028-11-03 - 3.8 20
3.275 0.0 0.3 -8.2 -33.4 -93.1 AAA 2027-01-15 3.212 3.24 20
3.360 2.1 4.0 0.0 -22.0 -117.1 AAA 2031-06-10 3.256 3.29 20
3.398 3.0 7.0 0.4 -22.2 -132.1 - 2026-09-23 - 4.9 16
3.297 0.0 0.2 -8.0 -33.3 -95.2 - 2025-09-23 - 8.5 13
3.396 2.2 3.9 -0.1 -22.5 -117.1 AA- 2099-12-31 3.985 4 12
3.463 3.0 7.0 0.5 -22.4 -131.9 AA0 2025-01-24 3.363 3.33 10
3.326 0.0 0.2 -8.1 -33.2 -96 - 2025-04-18 - 4.21 10
3.444 2.2 4.0 0.1 -22.1 -118.6 - 2028-12-20 - 4.16 10
3.567 3.0 7.0 0.5 -23.2 -132.4 BBB0 2026-01-23 - 5.74 10
