10 Sep. 2024
▪ 3Y 16000 2.875
▪ 91d 8000 3.150
▪ 0 0 0 0 0 0.000
0 0 0 0 0 0.000
0 0 0 0 0 0.000
KR Market
KR Bond(%,bp) YTM 1D 1W 1M
CD91D 3.510 0.0 -1.0 4.0
2.932 -2.2 -9.6 -11.5 8000 3.150 3.216
2.958 1.3 -9.2 -3.2 3300 3.315 3.357 AA+
2.895 1.5 -9.7 -4.5 3000 - 3.164 AAA
2.960 3.0 -9.2 0.3 2100 3.220 3.232 AAA
3.030 4.3 -9.5 1.8 2000 - 3.193 AAA
3.045 3.5 -8.0 4.5 2000 - 3.184 AAA
KR Credit(%,bp) YTM 1D 1W 1M 1700 3.328 3.383 AA+
3.563 1.0 -8.8 6.2 1500 3.280 3.281 AAA
3.467 1.5 -8.7 4.9 1500 3.28 3.281 AAA
6.939 1.5 -10.7 -5.5 1400 4.650 5.949 A+
KTB Futures(tick) 1D 1W
KTBF 3Y 105.88 -7 23 (십억계약,%,년)
LKTBF 10Y 116.59 -40 69
KR Stock(%) Index 1D 1W 1M 25-09-06 3.30 400 1 .8 28-06-10 0.72 -21 4 .8
KOSPI 2535.93 -0.33 -5.41 -2.03 25-09-10 2.95 270 9 .8 25-06-10 3.02 -20 2 .3
54-03-10 2.94 102 2 9.5 25-09-12 3.30 -10 1 .0
KOSDAQ 714.46 1.11 -7.12 -6.54 34-06-10 3.01 100 5 .0 30-12-10 3.00 -2 3 0.0
FX Market(%) Price 1D 1W 1M 26-03-10 3.02 100 7 .8 51-03-10 2.96 0 8 .3
438 8 .8 -230 7 .6
1339.8 0.92 0.10 -1.82
935.6 -0.30 2.54 0.88
25-09-06 3.30 400 1 .5 28-06-10 0.72 -21 1 .0
25-09-10 2.95 270 3 .0 25-06-10 3.02 -20 2 9.5
IRS(%) 1D(bp) CRS(%) 1D(bp) Spread(bp) 1D(bp) 54-03-10 2.94 102 2 0.0 25-09-12 3.30 -10 3 .7
34-06-10 3.01 100 3 0.0 30-12-10 3.00 -2 2 9.0
1Y 3.158 0.50 1Y 2.83 -1 22.6 2.70 26-03-10 3.02 100 3 .0 51-03-10 2.96 0 4 .5
2Y 2.940 1.50 2Y 2.655 -1 -1.8 0.20 409 1 1.0 -261 8 .3
3Y 2.858 2.00 3Y 2.64 1 -3.8 0.50
5Y 2.818 3.00 5Y 2.67 1 -14.3 0.00 25-09-06 3.30 400 1 .5 28-06-10 0.72 -21 2 9.5
25-09-10 2.95 270 1 .0 25-06-10 3.02 -20 2 .8
10Y 2.850 4.00 10Y 2.625 2.5 -18.0 -0.30 54-03-10 2.94 102 3 .0 25-09-12 3.30 -10 0 .1
34-06-10 3.01 100 1 .5 30-12-10 3.00 -2 9 .8
26-03-10 3.02 100 1 .2 51-03-10 2.96 0 1 .8
US Bond Market 377 1 .7 -207 1 0.6
US Bond(%,bp) YTM 1D 1W 1M
UST2Y 3.671 2.3 -25 -38.6 25-09-06 3.30 400 1 .0 28-06-10 0.72 -21 3 .8
25-09-10 2.95 270 1 .0 25-06-10 3.02 -20 0 .8
UST5Y 3.489 0.1 -21.5 -30.9 54-03-10 2.94 102 2 9.5 25-09-12 3.30 -10.0 1 .0
UST10Y 3.701 -0.9 -20.4 -24.1 34-06-10 3.01 100 9 .8 30-12-10 3.00 -1.6 6 .3
26-03-10 3.02 100 1 .5 51-03-10 2.96 -0.5 2 6.5
UST30Y 4.002 -1.8 -19.4 -21.9 973 5 .0 -53 2 .4
KR Credit Market (계약수)
Bond Yield(%, bp) Yield 1D 1W 1M 3M 1Y
3.262 -1.9 -6.6 2.4 -29.9 -59.4 1637 -718 -29 4997 -6449
3.164 1.3 -8.2 2.5 -34.0 -96.3 9145 -126 -1976 14973 -21865
3.184 2.9 -8.8 3.2 -31.6 -96.9
3.288 -1.6 -8.0 0.8 -29.5 -65.6 Fund Flow (십억원)
3.193 1.4 -9.4 -1.0 -39.8 -106.9 1D 1W 1M YTD
3.240 2.9 -8.9 1.7 -40.8 -112.4 MMF* 194235.7 -2780.8 -1188.8 -6939 23178.2
3.418 -1.5 -7.2 2.0 -28.7 -70.9 171658 249.0 1017.1 2881.8 35074.8
3.449 1.0 -8.8 6.2 -30.9 -114.7 114322.1 -918.3 -3474 -122.8 10454.4
3.580 3.0 -9.2 5.1 -38.4 -120.3 1670296.4 0 4634.1 15277.3 53703.6
3.505 -1.5 -7.2 5.0 -24.8 -80 64701.6 0 -232.7 -5631.6 -5873.8
3.563 1.0 -8.8 6.2 -31.1 -128.8 *는 T-2일 기준, 펀드는 설정액 및 ETF 제외 기준
3.698 3.0 -9.2 4.6 -40.5 -129.2 **는 T-4일 기준
4.273 -2.5 -9.7 -11.0 -43.6 -83.6
4.507 1.5 -9.7 -4.5 -45.4 -114.3 (십억원)
4.823 3.0 -9.2 0.3 -42.4 -110.8
4.995 -2.5 -9.7 -11.0 -43.6 -80.6 A- 2026-09-09 - 6.04 40
5.300 1.5 -9.7 -4.5 -44.6 -110.3 AA0 2025-10-27 3.352 3.37 30
5.507 3.0 -9.2 0.3 -42.4 -109.3 SK292-2 AA+ 2025-06-03 3.335 3.36 30
5.562 -2.5 -9.7 -11.0 -44.1 -80.1 AA0 2025-09-25 3.292 3.31 30
5.930 1.5 -9.7 -4.5 -44.1 -107.3 AA- 2025-02-25 3.61 3.59 30
6.148 3.0 -9.2 0.3 -42.4 -108.5 AAA 2028-05-22 3.248 3.27 30
3.283 -0.9 -6.2 -0.2 -36.4 -74 AA0 2026-04-28 3.678 3.7 30
3.308 1.3 -7.9 1.5 -35.7 -98.5 AA- 2027-01-11 3.459 3.47 30
3.339 2.9 -7.9 4.0 -33.9 -111.1 AA+ 2026-03-04 3.379 3.41 30
3.316 -1.1 -5.8 1.4 -34.5 -79.9 AA+ 2026-01-30 3.376 3.41 30
3.383 1.5 -8.7 4.5 -30.5 -106.9 AA- 2027-01-24 3.331 3.34 30
3.426 2.9 -8.1 6.0 -35.5 -119.5 A+ 2025-04-07 3.603 3.59 30
3.337 -1.1 -5.8 1.4 -34.7 -82.2 A- 2026-03-09 - 5.99 21
3.421 1.5 -8.7 4.6 -30.5 -106.6 AAA 2026-09-20 3.178 3.23 20
3.490 2.9 -8.1 6.0 -36.0 -119.2 AA+ 2026-04-23 3.385 3.43 20
3.366 -1.1 -5.8 1.4 -34.7 -82.9 AA+ 2025-09-19 3.413 3.43 20
3.467 1.5 -8.7 4.9 -30.5 -108.2 AAA 2026-04-29 3.252 3.29 20
3.595 2.9 -8.1 6.1 -36.7 -119.7 AAA 2025-11-06 3.256 3.28 20
