19 Sep. 2024
▪ 0 0 0 0 0 0.000
▪ 0 0 0 0 0 0.000
▪ 0 0 0 0 0 0.000
0 0 0 0 0 0.000
0 0 0 0 0 0.000
KR Market
KR Bond(%,bp) YTM 1D 1W 1M
CD91D 3.530 2.0 2.0 4.0
2.871 -2.9 -8.3 -14.9 4000 3.250 3.241 AAA
2.910 -5.0 -3.5 -4.3 3500 3.160 3.167 AAA
2.820 -4.8 -6.0 -6.7 3400 3.220 3.231 AAA
2.830 -6.5 -10.0 -6.8 2500 3.200 3.212 AAA
2.927 -4.3 -6.0 -1.3 1500 3.140 3.263 AAA
2.820 -3.2 -19.0 -11.0 1500 6.331 3.785 A+
KR Credit(%,bp) YTM 1D 1W 1M 1200 3.220 3.231 AAA
3.458 -5.5 -9.5 -2.5 1200 3.000 3.113 AAA
3.404 -4.4 -4.8 1.5 1100 3.18 3.155 AAA
6.850 -4.7 -7.4 -9.1 1100 3.200 3.210 AAA
KTB Futures(tick) 1D 1W
KTBF 3Y 106.36 46 41 (십억계약,%,년)
LKTBF 10Y 118.00 85 101
KR Stock(%) Index 1D 1W 1M 26-03-13 3.22 170 1 .5 26-07-02 2.93 -140 1 .8
KOSPI 2575.41 0.13 1.22 -2.61 29-09-05 3.11 100 5 .0 26-01-02 2.97 -100 1 .3
27-09-13 3.05 80 3 .0 29-06-10 2.94 -100 4 .7
KOSDAQ 733.20 0.30 3.77 -5.62 27-09-13 3.76 70 3 .0 29-03-10 2.91 -70 4 .5
FX Market(%) Price 1D 1W 1M 27-09-13 3.16 70 3 .0 27-03-10 2.90 -40 2 .5
490 2 .9 -450 2 .8
1329.5 -0.69 0.14 -2.29
944.99 0.47 0.70 2.48
27-09-13 3.16 120 3 .0 24-11-04 3.56 -50 0 .1
26-06-13 3.25 110 1 .7 52-09-10 2.90 -30 2 8.0
IRS(%) 1D(bp) CRS(%) 1D(bp) Spread(bp) 1D(bp) 27-03-13 3.20 100 2 .5 27-06-10 2.83 -31 2 .7
54-09-11 3.00 90 3 0.0 33-12-10 2.97 -20 9 .2
1Y 3.168 2.75 1Y 2.815 1.5 26.8 0.85 74-09-10 2.77 68 5 0.0 26-09-21 3.38 -20 2 .0
2Y 2.928 3.50 2Y 2.615 2.5 -3.2 -0.50 488 1 4.1 -151 7 .7
3Y 2.838 3.25 3Y 2.6 3 -3.1 -2.05
5Y 2.788 4.00 5Y 2.625 4 -10.8 -0.80 25-09-13 3.63 100 1 .0 26-06-10 2.92 -79 1 .7
24-11-04 3.55 50 0 .1 26-09-10 2.92 -50 2 .0
10Y 2.803 2.75 10Y 2.59 4 -16.8 -0.45 27-03-10 2.90 50 2 .5 25-08-29 3.47 -40 0 .9
26-09-11 3.48 46 2 .0 34-06-10 2.94 -36 9 .7
24-11-17 3.63 40 0 .2 26-01-30 3.32 -30 1 .4
US Bond Market 286 1 .1 -235 2 .8
US Bond(%,bp) YTM 1D 1W 1M
UST2Y 3.621 1.2 -2.3 -44.9 26-09-10 2.89 220 2 .0 27-09-10 2.89 -150 3 .0
28-09-10 2.91 120 4 .0 52-09-10 3.44 -10 2 8.0
UST5Y 3.464 1.9 1.9 -29.5 26-09-10 2.91 110 2 .0 51-03-10 2.86 -10.0 2 6.5
UST10Y 3.672 2.5 1.8 -20.1 26-03-10 2.97 64 1 .5 49-03-10 2.87 -6.0 2 4.5
25-09-10 2.86 60 1 .0 52-03-10 2.91 -3.8 2 7.5
UST30Y 3.985 2.5 1.8 -13.9 574 2 .2 -180 6 .9
KR Credit Market (계약수)
Bond Yield(%, bp) Yield 1D 1W 1M 3M 1Y
3.218 -1.7 -6.3 -2.8 -31.2 -68.5 5679 268 -2385 5481 -6297
3.094 -4.5 -5.7 -1.5 -32.2 -109.1 -23566 -1752 -3803 14494 15597
3.095 -6.0 -6.0 -1.9 -31.3 -111.9
3.239 -2.4 -6.5 -5.1 -30.8 -75.7 Fund Flow (십억원)
3.121 -4.6 -5.8 -5.3 -38.0 -119.3 1D 1W 1M YTD
3.149 -6.3 -6.2 -2.7 -38.8 -126.4 MMF* 188474.8 682.4 -8541.7 -8619.3 17417.3
3.353 -3.0 -8.0 -5.0 -30.7 -79.9 172028.3 -159.9 619.3 2754.4 35445.1
3.344 -5.5 -9.5 -2.5 -31.9 -129.7 115580.4 1570.0 340 -877.5 11712.7
3.480 -6.5 -7.0 -0.9 -37.9 -135.3 1680006.4 2678.9 14161 32740.6 63413.6
3.445 -3.0 -7.5 -2.5 -26.3 -88.7 63440.8 -448.7 -534.4 -3907.5 -7134.6
3.458 -5.5 -9.5 -2.5 -31.6 -144.3 *는 T-2일 기준, 펀드는 설정액 및 ETF 제외 기준
3.598 -6.5 -7.0 -1.4 -40.0 -144.2 **는 T-4일 기준
4.213 -3.0 -8.5 -16.0 -45.1 -92.3
4.402 -5.5 -9.0 -10.7 -46.4 -129.3 (십억원)
4.723 -6.5 -7.0 -3.7 -41.9 -125.8
4.935 -3.0 -8.5 -16.0 -45.1 -89.3 A+ 2027-09-13 - 6.29 68
5.195 -5.5 -9.0 -10.7 -45.6 -125.3 AA+ 2026-01-30 3.365 3.32 60
5.407 -6.5 -7.0 -3.7 -41.9 -124.3 AA- 2027-02-26 3.283 3.3 50
5.502 -3.0 -8.5 -16.0 -45.6 -88.8 AA+ 2026-09-10 3.326 3.31 40
5.825 -5.5 -9.0 -10.7 -45.1 -122.3 2028-12-20 - 3.91 40
6.048 -6.5 -7.0 -3.7 -41.9 -123.5 2027-03-13 - 5.1 40
3.249 -1.8 -4.3 -2.4 -34.6 -81.6 AA0 2025-04-22 3.594 3.58 30
3.252 -4.3 -4.3 0.6 -32.3 -108.2 A+ 2025-02-14 3.542 3.58 30
3.254 -5.8 -5.6 0.4 -33.4 -124 AA- 2029-08-29 3.65 3.64 30
3.272 -1.9 -5.5 -1.9 -35.2 -88.1 AA0 2027-02-15 3.488 3.42 30
3.320 -4.5 -4.8 1.4 -29.5 -117.3 AA- 2025-07-18 3.577 3.58 30
3.328 -6.0 -6.9 0.1 -35.5 -133.8 AA- 2025-06-09 3.598 3.6 30
3.295 -1.6 -5.3 -1.6 -35.0 -90.2 AA- 2029-06-13 3.611 3.56 30
3.357 -4.5 -4.9 1.3 -29.7 -117.2 AAA 2027-01-30 3.208 3.18 30
3.393 -6.0 -6.8 0.1 -35.9 -133.6 AA- 2025-09-08 3.446 3.45 30
3.324 -1.7 -5.3 -1.7 -35.0 -90.9 AA- 2027-07-23 3.351 3.34 20
3.404 -4.4 -4.8 1.5 -29.4 -118.8 AA0 2027-09-12 3.252 3.24 20
3.497 -6.0 -6.9 0.2 -36.7 -134.2 AA- 2025-04-08 3.588 3.56 20
