4 Oct. 2024
▪ 5Y 13000 2.855
▪ 91D 8000 3.030
▪ 2Y 21000 2.800
0 0 0 0 0 0.000
0 0 0 0 0 0.000
KR Market
KR Bond(%,bp) YTM 1D 1W 1M
CD91D 3.520 -1.0 -1.0 0.0
2.830 -1.5 -1.5 -19.8 8000 3.030 3.154
2.810 -4.0 -6.5 -24.0 21000 2.800 2.850
2.782 -2.3 -3.0 -21.0 2000 - 3.446 AAA
2.842 -4.3 -3.3 -21.0 1000 3.100 3.227 AAA
2.935 -5.7 -6.2 -19.0 2200 3.070 3.181 AAA
2.836 -7.5 -9.4 -28.9 4000 3.145 3.104 AAA
KR Credit(%,bp) YTM 1D 1W 1M 3000 3.229 3.149 AAA
3.387 -2.3 -3.3 -26.4 1100 3.082 3.104 AAA
3.378 -1.8 -1.6 -17.6 1100 3.110 3.104 AAA
6.810 -2.3 -3.2 -23.6 700 3.212 3.395 AA-
KTB Futures(tick) 1D 1W
KTBF 3Y 106.42 7 5 (십억계약,%,년)
LKTBF 10Y 117.91 53 59
KR Stock(%) Index 1D 1W 1M 26-10-02 2.80 390 2 .0 53-03-10 2.86 -370 2 8.5
KOSPI 2561.69 -1.22 -1.33 -4.45 25-10-02 3.16 100 1 .0 29-03-10 2.88 -70 4 .4
26-10-02 3.08 90 2 .0 32-12-10 2.99 -60 8 .2
KOSDAQ 762.13 -0.23 0.37 -0.92 29-10-02 3.23 80 5 .0 26-12-10 2.82 -60 2 .2
FX Market(%) Price 1D 1W 1M 25-08-02 3.19 80 0 .8 28-12-10 2.91 -40 4 .2
740 2 .1 -600 1 9.4
1319.3 0.88 -0.88 -1.43
917.35 -0.75 -1.03 0.54
28-12-20 3.30 81 4 .2 25-10-02 2.83 -240 1 .0
29-10-02 3.23 60 5 .0 25-06-10 2.89 -210 0 .7
IRS(%) 1D(bp) CRS(%) 1D(bp) Spread(bp) 1D(bp) 29-06-01 3.32 40 4 .7 34-06-10 2.94 -152 9 .7
54-09-10 2.81 39 3 0.0 28-03-10 2.89 -30 3 .4
1Y 3.065 -1.000 1Y 2.715 -1.5 23.5 0.5 44-09-10 2.85 30 2 0.0 25-11-17 3.14 -30 1 .1
2Y 2.830 -1.750 2Y 2.505 -5 2.0 2.3 250 1 0.4 -662 3 .0
3Y 2.763 -2.250 3Y 2.525 -5 -1.9 0.1
5Y 2.733 -4.000 5Y 2.56 -5 -11.0 0.3 25-01-02 3.55 170 0 .2 26-12-10 2.82 -91 2 .2
26-10-02 3.15 140 2 .0 27-06-10 2.78 -74 2 .7
10Y 2.773 -4.750 10Y 2.6 -5 -16.3 1.0 26-02-16 3.12 30 1 .4 54-03-10 2.83 -50 2 9.5
25-10-02 2.84 30 1 .0 29-06-01 3.32 -40 4 .7
24-10-13 3.57 30 0 .0 28-12-20 3.30 -31 4 .2
US Bond Market 400 1 .0 -286 7 .6
US Bond(%,bp) YTM 1D 1W 1M
UST2Y 3.707 6.4 7.6 -16 25-10-02 2.81 210 1 .0 27-06-10 2.82 -150 2 .7
29-03-10 2.90 105 4 .4 29-06-10 2.92 -100 4 .7
UST5Y 3.629 7.4 6 -1.1 32-12-10 3.03 52 8 .2 27-12-10 2.85 -50.0 3 .2
UST10Y 3.848 6.5 4.9 1.5 29-12-10 2.97 45 5 .2 43-09-10 2.92 -20.0 1 8.9
34-06-10 2.93 47 9 .7 30-12-10 2.97 -3.0 6 .2
UST30Y 4.179 4.7 4.5 5.3 459 3 .9 -323 4 .4
KR Credit Market (계약수)
Bond Yield(%, bp) Yield 1D 1W 1M 3M 1Y
3.184 -1.3 -1.5 -14.4 -18.5 -79 -2417 -682 -1013 7317 -2771
3.056 -2.2 -2.7 -19.0 -24.3 -120.7 3427 -533 -3498 13487 -13046
3.106 -4.3 -3.2 -16.6 -21.4 -120.2
3.191 -1.4 -2.7 -17.7 -16.6 -86.1 Fund Flow (십억원)
3.084 -2.0 -2.7 -20.3 -28.7 -129.8 1D 1W 1M YTD
3.160 -4.3 -3.4 -16.9 -25.0 -133.1 MMF* 176157.2 -8428.2 -14860.4 -19600.8 5099.7
3.301 -0.5 -1.0 -18.9 -20.5 -89.3 170304 -1911.4 -2005 -543.7 33720.8
3.283 -2.3 -3.3 -25.4 -25.0 -142.3 118999.9 -858.5 1520.2 445.6 15132.2
3.477 -3.8 -3.3 -19.5 -26.0 -143.6 1683878.3 6745.5 12563.1 18216 67285.5
3.390 -0.5 -1.3 -18.7 -17.1 -98.7 62145 -32.9 827.8 -2789.3 -8430.4
3.387 -2.3 -3.3 -26.4 -23.8 -159.1 *는 T-2일 기준, 펀드는 설정액 및 ETF 제외 기준
3.590 -3.8 -3.3 -20.0 -27.8 -153 **는 T-4일 기준
4.153 -0.5 -1.5 -21.7 -34.8 -102.8
4.331 -2.3 -3.8 -27.3 -37.6 -143.4 (십억원)
4.720 -3.8 -3.3 -19.5 -30.0 -133.6
4.875 -0.5 -1.5 -21.7 -34.8 -99.8 AAA 2027-02-22 3.158 3.18 160
5.124 -2.3 -3.8 -27.3 -37.6 -139.4 - 2026-05-28 - 4.1 145
5.404 -3.8 -3.3 -19.5 -30.0 -132.1 AA0 2026-03-09 3.344 3.32 90
5.442 -0.5 -1.5 -21.7 -34.8 -99.3 AA- 2025-02-07 3.596 3.61 80
5.754 -2.3 -3.8 -27.3 -37.1 -136.4 AA0 2026-06-22 3.351 3.34 50
6.045 -3.8 -3.3 -19.5 -30.0 -131.3 AA- 2025-03-10 3.77 3.74 40
3.221 -1.0 -1.6 -12.4 -22.8 -91.4 AA0 2026-09-14 3.357 3.35 40
3.229 -2.2 -1.9 -15.8 -22.3 -116.6 - 2029-06-11 - 4.8 40
3.263 -4.3 -3.4 -15.5 -21.0 -130.5 AA0 2026-03-18 3.276 3.26 40
3.242 -1.4 -1.7 -13.2 -22.4 -97.4 AA0 2026-05-04 3.28 3.26 40
3.297 -1.9 -1.3 -17.3 -19.7 -125.3 AA- 2027-02-26 3.206 3.21 40
3.344 -4.1 -2.7 -16.3 -21.4 -138.8 AAA 2026-09-04 3.306 3.28 30
3.265 -1.3 -1.6 -13.0 -22.3 -99.4 AA- 2026-11-23 3.534 3.75 20
3.330 -1.8 -1.6 -17.8 -20.5 -125.7 - 2027-06-21 - 4.13 20
3.407 -4.3 -2.8 -16.4 -21.7 -138.8 AA- 2054-09-24 4.788 4.74 17
3.294 -1.3 -1.7 -13.0 -22.0 -100.2 A+ 2099-12-31 4.633 4.65 14
3.378 -1.8 -1.6 -17.6 -19.9 -127.2 AA0 2027-09-12 3.245 3.24 10
3.511 -4.3 -2.9 -16.5 -21.7 -139.3 A+ 2027-05-28 3.666 3.67 10
