22 Oct. 2024
▪ 10y 9000 3.050
▪ 10y 6000 3.020
▪ 91d 8000 2.930
0 0 0 0 0 0.000
0 0 0 0 0 0.000
KR Market
KR Bond(%,bp) YTM 1D 1W 1M
CD91D 3.390 0.0 -1.0 -14.0
2.845 -4.0 -1.4 -2.2 1000 3.090 3.192 AAA
2.897 -1.5 -2.5 -0.3 3000 3.110 3.129 AAA
2.905 -1.0 -2.9 6.8 3000 3.170 3.169 AAA
2.965 -2.0 -3.0 9.5 500 3.168 3.201 AAA
3.057 -2.3 -2.7 6.5 700 3.100 - AAA
2.978 -0.3 2.4 6.6 1100 3.170 3.176 AAA
KR Credit(%,bp) YTM 1D 1W 1M 100 3.324 3.426 AA-
3.479 -1.0 -3.3 1.9 500 3.324 3.427 AA-
3.476 -1.0 -2.6 5.4 500 3.319 3.428 AA-
6.917 -1.0 -3.3 5.0 500 3.314 3.429 AA-
KTB Futures(tick) 1D 1W
KTBF 3Y 105.99 6 3 (십억계약,%,년)
LKTBF 10Y 116.66 17 -5
KR Stock(%) Index 1D 1W 1M 25-10-02 2.86 360 0 .9 26-07-02 2.97 -90 1 .7
KOSPI 2604.92 0.43 -0.70 0.45 27-04-21 3.11 300 2 .5 34-12-10 3.03 -88 1 0.1
25-01-21 2.95 190 0 .3 24-11-04 3.41 -50 0 .0
KOSDAQ 759.95 0.89 -1.34 1.55 29-09-03 3.30 100 4 .9 25-03-10 2.90 -34 0 .4
FX Market(%) Price 1D 1W 1M 25-10-21 3.18 100 1 .0 25-12-10 2.94 -30 1 .1
1,050 1 .6 -292 3 .7
1375.2 0.40 1.42 3.47
919.63 0.69 1.15 -0.78
34-12-10 3.02 50 1 0.1 25-10-02 2.86 -410 0 .9
26-06-10 2.96 40 1 .6 53-09-10 2.96 -22 2 8.9
IRS(%) 1D(bp) CRS(%) 1D(bp) Spread(bp) 1D(bp) 26-04-02 2.97 30 1 .4 54-03-10 2.95 -18 2 9.4
27-10-21 3.38 30 3 .0 31-12-10 3.10 -20 7 .1
1Y 3.090 -1.250 1Y 2.77 -5 24.5 2.7 29-09-30 3.13 30 4 .9 52-03-10 2.97 -20 2 7.4
2Y 2.950 -1.750 2Y 2.64 -4.5 5.3 -0.2 180 4 .7 -490 4 .6
3Y 2.905 -1.750 3Y 2.65 -4.5 0.0 -0.7
5Y 2.898 -2.000 5Y 2.67 -2 -6.7 0.0 24-11-04 3.41 50 0 .0 27-06-10 2.91 -95 2 .6
54-09-10 2.92 39 2 9.9 54-03-10 2.94 -30 2 9.4
10Y 2.938 -2.000 10Y 2.705 -1.5 -12.0 0.3 26-04-21 3.32 30 1 .5 25-03-04 3.35 -30 0 .4
26-10-21 3.31 30 2 .0 34-06-10 3.06 -25 9 .6
27-01-21 3.34 30 2 .3 33-12-10 3.06 -20 9 .1
US Bond Market 179 7 .5 -200 7 .8
US Bond(%,bp) YTM 1D 1W 1M
UST2Y 4.0 8.4 7.4 43.7 25-01-21 2.95 685 0 .3 25-03-10 2.90 -36 0 .4
25-10-02 2.85 464 0 .9 28-03-10 2.97 -23 3 .4
UST5Y 4.0 10.8 8.4 48.7 31-06-10 3.08 50 6 .6 26-12-10 2.95 -15.0 2 .1
UST10Y 4.2 11.3 9.6 45.5 28-03-10 3.01 32 3 .4 51-03-10 2.36 -10.0 2 6.4
28-06-10 3.00 20 3 .6 52-09-10 3.98 -10.0 2 7.9
UST30Y 4.5 10.7 8.7 41.4 1,251 0 .9 -94 7 .1
KR Credit Market (계약수)
Bond Yield(%, bp) Yield 1D 1W 1M 3M 1Y
3.179 -3.3 -3.4 -4.2 -17.8 -86.8 2604 809 -632 4473 -6379
3.158 -1.5 -4.0 5.0 -8.4 -131.2 5558 1363 -1738 14085 -18512
3.213 -2.2 -3.7 7.8 -6.0 -137.5
3.189 -2.8 -2.2 -4.9 -15.7 -91.7 Fund Flow (십억원)
3.194 -1.0 -3.1 5.7 -14.1 -135.2 1D 1W 1M YTD
3.272 -2.0 -3.3 8.2 -9.1 -146.9 MMF* 199116.5 526.3 10421.2 10972.6 28059
3.293 -3.0 -2.0 -5.5 -20.7 -95.6 172535.9 34.2 912.3 159.1 35952.7
3.381 -1.0 -3.2 3.5 -9.5 -151.4 120749.8 -430.9 -450.9 5044.6 16882.1
3.590 -2.2 -3.2 7.5 -7.9 -158.8 1690576.2 4503.2 7061.1 5625 73983.4
3.377 -3.0 -2.5 -6.3 -17.5 -105 61439.6 163.8 -832.4 -95.9 -9135.8
3.479 -1.0 -3.3 1.9 -8.6 -167.3 *는 T-2일 기준, 펀드는 설정액 및 ETF 제외 기준
3.698 -2.2 -3.4 6.5 -9.9 -168.7 **는 T-4일 기준
4.140 -3.0 -2.5 -6.8 -37.0 -109.1
4.418 -1.5 -3.8 1.4 -23.8 -150.9 (십억원)
4.828 -2.2 -3.4 7.0 -13.7 -148.8
4.862 -3.0 -2.5 -6.8 -37.0 -106.1 - 2025-11-20 - 4.5 175
5.211 -1.5 -3.8 1.4 -23.8 -146.9 - 2025-04-22 - 5.9 161
5.512 -2.2 -3.4 7.0 -13.7 -147.3 AA0 2029-04-08 3.348 3.34 80
5.429 -3.0 -2.5 -6.8 -37.0 -105.6 AA- 2025-02-17 3.552 3.53 51
5.841 -1.5 -3.8 1.4 -23.8 -143.9 AA+ 2025-02-07 3.468 3.51 50
6.153 -2.2 -3.4 7.0 -13.7 -146.5 AA0 2025-04-11 3.402 3.4 50
3.222 -4.0 -2.3 -3.1 -23.6 -96.8 AA+ 2027-02-05 3.448 3.4 50
3.332 -1.0 -2.7 6.1 -8.5 -125.1 AAA 2024-11-28 3.421 3.4 50
3.383 -1.9 -2.2 9.1 -5.8 -143 AAA 2025-07-08 3.291 3.31 50
3.242 -3.5 -2.8 -3.3 -23.9 -102.7 AA- 2054-09-24 4.798 4.79 43
3.397 -1.0 -2.7 5.8 -6.3 -132.9 AA0 2025-07-25 3.568 3.47 40
3.456 -1.9 -2.9 8.8 -4.6 -152.4 AAA 2028-01-11 3.262 3.28 30
3.264 -3.6 -2.8 -3.3 -23.9 -104.9 AAA 2025-10-30 3.204 3.16 25
3.428 -1.0 -2.6 5.4 -6.7 -133.8 AAA 2025-10-28 3.219 3.08 20
3.517 -1.9 -2.9 8.4 -5.0 -152.6 AAA 2029-05-09 3.304 3.33 20
3.293 -3.6 -2.8 -3.3 -23.7 -105.6 AAA 2029-09-26 3.303 3.32 20
3.476 -1.0 -2.6 5.4 -6.2 -135.5 KT194-2 AAA 2026-01-27 3.171 3.13 20
3.619 -1.9 -2.9 8.2 -5.2 -153.3 AAA 2025-01-13 3.42 3.47 18
