10 Oct. 2024
▪ 30Y 20000 2.915
▪ 91D 8000 3.050
▪ 0 0 0 0 0 0.000
0 0 0 0 0 0.000
0 0 0 0 0 0.000
KR Market
KR Bond(%,bp) YTM 1D 1W 1M
CD91D 3.510 0.0 -2.0 0.0
2.870 -0.7 2.5 -8.4 2800 3.424 3.459 AA+
2.938 -2.7 8.8 -0.7 2200 3.521 3.517 AA+
2.935 -2.2 13.0 5.5 1500 3.349 3.556 AA-
3.001 -1.7 11.6 7.1 60 7.700 - -
3.080 -2.1 8.8 9.3 1200 3.492 3.558 AA-
2.947 -1.8 3.6 -6.3 1300 3.506 3.556 AA-
KR Credit(%,bp) YTM 1D 1W 1M KT&G4-1 800 3.218 3.340 AAA
3.525 -2.7 11.5 -2.8 KT&G4-2 1600 3.306 3.394 AAA
3.507 -3.1 11.1 5.5 700 3.335 3.437 AAA
6.956 -2.6 12.3 3.2 600 3.900 3.876 A0
KTB Futures(tick) 1D 1W
KTBF 3Y 105.87 7 -55 (십억계약,%,년)
LKTBF 10Y 116.45 18 -146
KR Stock(%) Index 1D 1W 1M
KOSPI 2594.36 -0.61 0.04 1.97
KOSDAQ 778.24 -0.35 1.88 10.14
FX Market(%) Price 1D 1W 1M
1349.7 0.22 3.20 1.66
910.51 0.42 -1.49 -2.98
IRS(%) 1D(bp) CRS(%) 1D(bp) Spread(bp) 1D(bp)
1Y 3.198 1.500 1Y 2.88 0.5 32.8 2.2
2Y 3.015 -1.250 2Y 2.725 -0.5 7.7 1.5
3Y 2.958 -1.000 3Y 2.75 -1 2.3 1.2
5Y 2.938 0.250 5Y 2.775 -1.5 -6.3 1.9
10Y 2.968 -0.250 10Y 2.81 -1.5 -11.3 1.8
US Bond Market
US Bond(%,bp) YTM 1D 1W 1M
UST2Y 4.024 6.4 38.1 35.3
UST5Y 3.918 7.1 36.3 42.9
UST10Y 4.075 6.2 29.2 37.4
UST30Y 4.343 4.8 21.1 34.1
KR Credit Market (계약수)
Bond Yield(%, bp) Yield 1D 1W 1M 3M 1Y
3.228 -0.3 3.1 -5.3 -11.0 -78.6 -883 87 1025 -14361 13723
3.201 -2.1 12.3 5.0 -9.0 -120 6078 229 8007 -61923 42574
3.260 -1.7 11.1 10.5 -3.5 -122.9
3.235 -0.7 3.0 -6.9 -7.5 -86.7 Fund Flow (십억원)
3.231 -2.1 12.7 5.2 -13.3 -129.1 1D 1W 1M YTD
3.311 -1.7 10.8 10.0 -7.5 -135.7 MMF* 191879.1 4064.9 15721.9 2035.7 20821.6
3.346 -0.5 4.0 -8.7 -14.5 -87.8 171128.8 350.6 824.8 -706.5 34545.6
3.421 -2.7 11.5 -1.8 -9.9 -142.5 121150.9 1522.4 2151 7379.1 17283.2
3.637 -1.8 12.2 8.7 -6.8 -145.1 1683012.2 -866.1 4230.1 17166.8 66419.4
3.435 -0.5 4.0 -8.5 -11.1 -97.7 62413.5 268.5 559.8 -1561.7 -8161.9
3.525 -2.7 11.5 -2.8 -8.7 -159.3 *는 T-2일 기준, 펀드는 설정액 및 ETF 제외 기준
3.750 -1.8 12.2 8.2 -8.3 -154.5 **는 T-4일 기준
4.198 -0.5 4.0 -10.0 -28.8 -101.8
4.469 -2.7 11.5 -2.3 -22.5 -143.6 (십억원)
4.880 -1.8 12.2 8.7 -10.8 -135.1
4.920 -0.5 4.0 -10.0 -28.8 -98.8 AAA 2027-04-06 3.324 3.34 60
5.262 -2.7 11.5 -2.3 -22.5 -139.6 A+ 2025-04-11 3.461 3.55 60
5.564 -1.8 12.2 8.7 -10.8 -133.6 AA- 2031-10-04 3.49 3.51 60
5.487 -0.5 4.0 -10.0 -28.8 -98.3 AA0 2025-07-25 3.613 3.56 50
5.892 -2.7 11.5 -2.3 -22.0 -136.6 AA0 2029-06-01 3.551 3.53 40
6.205 -1.8 12.2 8.7 -10.8 -132.8 AA0 2025-09-24 3.236 3.2 40
3.266 -0.5 3.5 -2.6 -16.1 -92.1 KT&G4-1 AAA 2026-10-08 - 3.22 40
3.367 -2.7 11.6 7.2 -7.4 -117.9 KT&G4-2 AAA 2027-10-08 - 3.31 40
3.415 -2.2 10.9 10.5 -3.5 -132.7 AA0 2025-02-14 3.592 3.57 40
3.286 -0.6 3.0 -4.1 -16.7 -97.8 AAA 2027-10-01 3.223 3.2 40
3.429 -3.0 11.3 6.1 -5.5 -126.5 - 2029-10-08 - 3.95 40
3.493 -2.4 10.8 9.6 -3.6 -141.3 - 2029-12-20 - 4.91 40
3.308 -0.7 3.0 -4.0 -16.7 -100 - 2029-09-10 - 3.84 39
3.459 -3.1 11.1 5.3 -6.6 -127.2 AA- 2025-02-14 3.591 3.56 30
3.554 -2.4 10.4 9.3 -4.0 -141.5 AA+ 2025-05-08 3.405 3.42 30
3.337 -0.7 3.0 -4.0 -16.4 -100.7 AA+ 2026-01-23 3.418 3.4 30
3.507 -3.1 11.1 5.5 -6.0 -128.7 AAA 2027-08-10 3.306 3.32 30
3.657 -2.3 10.3 9.1 -4.2 -142.2 AA- 2027-10-07 3.444 3.44 30
25-03-1027-03-0334-06-1029-12-1054-09-10
54-09-1033-12-1029-03-1027-09-2927-10-08
25-10-0727-06-1024-11-1126-12-1034-06-10
30-12-1054-09-1029-12-1025-03-1025-03-10
2.973.043.113.102.94
2.933.123.073.393.51
3.592.953.482.983.10
3.132.943.082.912.94
127110959588515
13585763030356
190112807261515
13086746362415
0.4
2.4
9.7
5.2
29.9
8.5
29.9
9.2
4.4
3.0
3.0
15.0
1.0
2.7
0.1
2.2
9.7
2.4
6.2
29.9
5.2
0.4
0.4
9.2
28-09-1025-01-0224-11-1127-09-1043-09-10
25-03-1029-12-1029-10-2328-03-1025-08-31
30-01-1126-06-1032-02-1825-12-1025-06-10
25-06-1054-03-1026-03-1051-03-1028-12-10
3.053.133.463.043.05
2.933.123.243.072.96
3.523.023.972.983.46
2.952.963.002.933.10
-295-100-80-80-47-602
-230-80-40-30-30-410
-90-61-40-26-20-237
-125-37-31.5-22.0-6.3-222
3.9
0.2
0.1
2.9
18.9
3.8
0.4
5.2
5.0
3.4
0.9
2.1
5.3
1.7
7.4
1.2
0.7
3.9
0.7
29.4
1.4
26.4
4.2
8.3
