29 Oct. 2024
▪ 5y 12000 2.995
▪ 91d 8000 3.010
▪ 0 0 0 0 0 0.000
0 0 0 0 0 0.000
0 0 0 0 0 0.000
KR Market
KR Bond(%,bp) YTM 1D 1W 1M
CD91D 3.410 1.0 2.0 -12.0
2.838 0.5 -0.7 -1.5 8000 3.010 3.058
2.935 5.4 3.8 5.7 5500 3.170 3.155 AAA
2.932 5.2 2.7 11.2 5000 3.100 3.224 AAA
3.015 6.5 5.0 12.5 1500 3.210 3.287 AAA
3.127 6.7 7.0 13.0 2700 3.240 3.254 AAA
3.030 4.2 5.2 11.7 300 3.693 - BBB
KR Credit(%,bp) YTM 1D 1W 1M 300 3.775 3.769 A+
3.510 5.5 3.1 8.5 24 4.898 - -
3.503 5.2 2.7 9.5 240 - - BBB+
6.921 5.2 0.4 7.2 400 3.393 - A-
KTB Futures(tick) 1D 1W
KTBF 3Y 105.84 -16 -2 (십억계약,%,년)
LKTBF 10Y 116.00 -60 0
KR Stock(%) Index 1D 1W 1M
KOSPI 2612.43 1.13 0.29 -1.41
KOSDAQ 740.48 1.80 -2.56 -4.39
FX Market(%) Price 1D 1W 1M
1385 -0.27 0.71 5.04
903.68 -1.12 -1.73 -1.30
IRS(%) 1D(bp) CRS(%) 1D(bp) Spread(bp) 1D(bp)
1Y 3.113 3.500 1Y 2.825 5 27.5 3.0
2Y 3.000 5.000 2Y 2.71 5.5 6.5 -0.4
3Y 2.965 5.250 3Y 2.695 5.5 3.3 0.0
5Y 2.960 5.750 5Y 2.7 5.5 -5.5 -0.7
10Y 3.003 6.000 10Y 2.76 5.5 -12.5 -0.7
US Bond Market
US Bond(%,bp) YTM 1D 1W 1M
UST2Y 4.1 3.7 11.0 58.3
UST5Y 4.1 5.3 13.1 61.4
UST10Y 4.3 4.2 8.6 53.2
UST30Y 4.5 3.0 3.1 42.6
KR Credit Market (계약수)
Bond Yield(%, bp) Yield 1D 1W 1M 3M 1Y
3.171 0.3 -0.8 -3.4 -12.9 -92.3 3526 -44 758 2592 -7337
3.182 5.2 2.4 9.0 -0.5 -137.1 -4962 496 -1101 14247 -9479
3.255 6.4 4.2 10.1 6.8 -134.8
3.211 1.1 2.2 -0.3 -9.3 -93.4 Fund Flow (십억원)
3.224 5.2 3.0 10.4 -2.4 -137.4 1D 1W 1M YTD
3.318 6.4 4.6 10.9 5.1 -142.1 MMF* 197109.2 -1700.1 -2007.3 9542.4 26051.7
3.311 1.0 1.8 0.0 -13.2 -99.3 175417.9 1206.8 2882 3192.9 38834.7
3.414 5.5 3.3 9.3 0.0 -158.1 120688.4 257.6 -61.4 2639.4 16820.7
3.640 6.5 5.0 12.0 7.3 -156.8 1697971.3 1005.2 7395.1 25394.1 81378.5
3.390 1.0 1.3 -1.0 -10.5 -109.2 60998.8 -20.6 -440.8 -903.7 -9576.6
3.510 5.5 3.1 8.5 0.2 -174.2 *는 T-2일 기준, 펀드는 설정액 및 ETF 제외 기준
3.748 6.5 5.0 11.5 5.8 -166.7 **는 T-4일 기준
4.140 1.0 0.0 -2.3 -30.3 -114.1
4.440 5.2 2.2 7.1 -13.4 -158.2 (십억원)
4.878 6.5 5.0 11.5 1.5 -146.3
4.857 1.0 -0.5 -2.8 -30.8 -111.6 AA- 2027-01-29 3.65 3.7 220
5.233 5.2 2.2 7.1 -13.4 -154.2 AA- 2025-09-02 3.513 3.54 120
5.562 6.5 5.0 11.5 1.5 -144.8 AAA 2025-07-09 3.282 3.27 120
5.429 1.0 0.0 -2.3 -30.3 -110.6 LS130-2 A+ 2027-10-22 3.469 3.53 110
5.863 5.2 2.2 7.1 -13.4 -151.2 AAA 2025-05-28 3.261 3.29 100
6.203 6.5 5.0 11.5 1.5 -144 AAA 2025-10-28 3.166 3.16 100
3.215 0.7 -0.7 -2.2 -16.7 -102.6 A0 2026-02-23 3.441 3.48 100
3.349 4.8 1.7 8.6 1.6 -130 AAA 2027-11-10 3.215 3.27 60
3.431 6.5 4.8 12.0 8.5 -138.2 AA- 2025-02-25 3.628 3.71 60
3.242 1.2 0.0 -1.5 -15.8 -107.3 - 2025-06-26 - 4 59
3.424 5.2 2.7 9.7 5.0 -137 AA- 2026-10-08 3.257 3.31 50
3.506 6.5 5.0 11.6 9.8 -147.7 SK290-2 AA+ 2024-11-28 3.419 3.33 50
3.264 1.2 0.0 -1.6 -15.7 -109.4 - 2029-09-10 - 6.06 47
3.455 5.2 2.7 9.5 4.5 -137.9 A- 2027-10-22 - 3.39 40
3.567 6.5 5.0 11.2 9.4 -148.1 AAA 2026-10-23 3.159 3.22 40
3.293 1.1 0.0 -1.6 -15.7 -110.2 AA0 2027-02-15 3.431 3.47 30
3.503 5.2 2.7 9.5 5.1 -139.6 2027-10-22 - 3.69 30
3.669 6.5 5.0 11.0 9.3 -148.8 AAA 2027-04-23 3.375 3.32 30
25-01-2727-09-1029-10-3127-06-1032-06-10
34-06-1026-07-0226-03-1026-03-1026-06-10
29-10-2825-11-2426-04-2429-09-1054-09-10
25-08-2825-01-2727-09-1027-06-1026-03-10
3.042.983.182.983.14
3.112.982.952.962.98
3.244.894.253.002.97
3.193.012.962.922.95
569140776047893
10480504036310
17040403935324
50038115081711,183
0.2
2.9
5.0
2.6
7.6
1.6
9.6
1.7
1.4
1.4
1.6
4.2
5.0
1.1
1.5
4.9
29.9
6.7
0.8
0.2
2.9
2.6
1.4
1.1
26-07-0224-12-1026-04-2125-07-0925-04-02
27-06-1030-12-1033-12-1025-12-0825-12-10
28-12-2027-01-2928-06-2025-03-1254-03-10
25-09-0925-09-0325-07-0229-12-1054-03-10
2.982.973.193.272.94
2.933.043.123.402.93
3.713.703.723.402.98
2.852.872.903.093.10
-80-50-30-30-20-210
-29-20-10-10-10-79
-70-50-30-30-26-206
-50-20-20.0-4.6-10.0-105
1.7
0.1
1.5
0.7
0.4
1.0
2.6
6.1
9.1
1.1
1.1
3.9
4.1
2.3
3.6
0.4
29.4
6.2
0.9
0.8
0.7
5.1
29.4
3.7
