11 Oct. 2024
▪ 30Y 20000 2.915
▪ 91D 8000 3.050
▪ 0 0 0 0 0 0.000
0 0 0 0 0 0.000
0 0 0 0 0 0.000
KR Market
KR Bond(%,bp) YTM 1D 1W 1M
CD91D 3.500 -1.0 -2.0 -1.0
2.875 0.5 4.5 -3.0 3500 3.120 3.209 AAA
2.955 1.7 14.5 -0.2 5300 3.160 3.167 AAA
2.962 2.7 18.0 8.7 1600 3.560 3.209 AAA
3.009 0.8 16.7 10.1 4500 3.200 3.210 AAA
3.087 0.7 15.2 8.0 5200 3.120 3.209 AAA
2.934 -1.3 9.8 1.0 1200 3.174 3.233 AAA
KR Credit(%,bp) YTM 1D 1W 1M 1000 5.450 3.156 AAA
3.539 1.4 15.2 0.1 3700 3.370 3.412 AAA
3.536 2.9 15.8 8.9 2100 3.560 3.235 AAA
6.982 2.6 17.2 6.3 4000 3.590 3.235 AAA
KTB Futures(tick) 1D 1W
KTBF 3Y 105.79 -8 -48 (십억계약,%,년)
LKTBF 10Y 116.38 -7 -96
KR Stock(%) Index 1D 1W 1M 26-10-10 3.16 470 2 .0 29-03-10 3.06 -225 4 .4
KOSPI 2599.16 0.19 1.46 3.00 25-09-09 2.90 220 0 .9 26-03-03 2.95 -40 1 .4
25-10-10 3.21 150 1 .0 24-12-10 2.93 -40 0 .2
KOSDAQ 775.48 -0.35 1.75 9.81 25-04-10 3.37 120 0 .5 29-12-10 3.09 -35 5 .2
FX Market(%) Price 1D 1W 1M 27-04-10 3.17 110 2 .5 34-06-10 3.09 -30 9 .7
1,070 1 .5 -370 4 .1
1350.2 0.04 2.34 0.48
909.16 -0.15 -0.89 -3.08
54-09-10 2.92 157 2 9.9 33-12-10 3.10 -57 9 .2
33-12-10 3.10 50 9 .2 24-12-06 3.22 -50 0 .2
IRS(%) 1D(bp) CRS(%) 1D(bp) Spread(bp) 1D(bp) 34-06-10 3.09 37 9 .7 26-04-02 3.02 -20 1 .5
54-09-10 2.87 80 2 9.9 50-03-10 2.88 -20 2 5.4
1Y 3.195 -0.250 1Y 2.87 -1 32.0 -0.7 38-03-10 3.10 50 1 3.4 29-01-09 3.18 -10 4 .3
2Y 3.048 3.250 2Y 2.745 2 9.2 1.5 374 2 2.9 -157 7 .1
3Y 2.998 4.000 3Y 2.77 2 3.5 1.3
5Y 2.963 2.500 5Y 2.8 2.5 -4.7 1.7 25-10-10 3.60 270 1 .0 25-06-13 3.54 -20 0 .7
25-10-10 3.56 180 1 .0 72-09-10 2.82 -10 4 8.0
10Y 2.985 1.750 10Y 2.83 2 -10.2 1.1 25-10-10 3.56 130 1 .0 26-06-10 3.01 -11 1 .7
24-10-19 3.52 80 0 .0 26-03-10 3.01 -11 1 .4
27-06-10 2.96 59 2 .7 25-10-17 3.27 -10 1 .0
US Bond Market 719 1 .0 -62 8 .7
US Bond(%,bp) YTM 1D 1W 1M
UST2Y 3.96 -6.3 25.4 36.3 26-04-10 3.20 300 1 .5 51-03-10 2.86 -21 2 6.4
UST5Y 3.89 -3.1 25.8 46.3 25-10-10 3.21 300 1 .0 25-06-10 2.95 -10 0 .7
26-10-02 2.95 160 2 .0 31-12-10 3.11 -4.0 7 .2
UST10Y 4.06 -1.1 21.6 41.9 42-09-10 3.00 130 1 7.9 30-12-10 3.08 -1.2 6 .2
UST30Y 4.36 1.7 18.1 39.6 29-06-10 2.98 70 4 .7 26-06-10 3.03 -0.7 1 .7
960 3 .9 -37 1 6.1
KR Credit Market (계약수)
Bond Yield(%, bp) Yield 1D 1W 1M 3M 1Y
3.233 0.5 4.9 0.0 -12.0 -75.6 4750 -37 -1729 -12892 9761
3.227 2.6 17.1 8.7 -3.0 -111.7 11120 -442 6796 -75799 53416
3.268 0.8 16.2 10.6 0.3 -114.4
3.239 0.4 4.8 -3.0 -9.5 -83 Fund Flow (십억원)
3.255 2.4 17.1 8.2 -8.7 -120.6 1D 1W 1M YTD
3.320 0.9 16.0 9.9 -3.7 -127.2 MMF* 191818.7 -60.4 15661.5 -2417 20761.2
3.343 -0.3 4.2 -6.0 -16.5 -87.6 171623 494.2 1319 -35 35039.8
3.440 1.9 15.7 1.6 -5.5 -134.3 120598.1 -552.8 1598.2 6276 16730.4
3.635 -0.2 15.8 7.0 -3.5 -137.8 1683012.2 -866.1 4230.1 18864.3 66419.4
3.432 -0.3 4.2 -5.8 -13.1 -97.5 62413.5 268.5 559.8 -1961.5 -8161.9
3.539 1.4 15.2 0.1 -4.8 -151.6 *는 T-2일 기준, 펀드는 설정액 및 ETF 제외 기준
3.745 -0.5 15.5 6.2 -5.3 -147.5 **는 T-4일 기준
4.195 -0.3 4.2 -6.3 -30.8 -101.6
4.483 1.4 15.2 0.1 -18.6 -135.9 (십억원)
4.875 -0.5 15.5 6.7 -8.3 -128.1
4.917 -0.3 4.2 -6.3 -30.8 -98.6 AA0 2027-10-04 3.262 3.33 120
5.276 1.4 15.2 0.1 -18.6 -131.9 AA- 2026-04-16 3.503 3.5 80
5.559 -0.5 15.5 6.7 -8.3 -126.6 AA- 2099-12-31 - 4 59
5.484 -0.3 4.2 -6.3 -30.8 -98.1 AA0 2025-09-01 3.488 3.45 50
5.906 1.4 15.2 0.1 -18.1 -128.9 A+ 2026-01-26 5.278 5.37 40
6.200 -0.5 15.5 6.7 -8.3 -125.8 A0 2025-12-03 4.757 4.84 40
3.271 0.5 5.0 0.5 -17.0 -88.8 - 2031-06-10 - 4.18 40
3.386 1.9 15.7 9.8 -3.7 -110.1 - 2025-04-18 - 4.03 40
3.420 0.5 15.7 10.5 -1.0 -124.7 AA0 2026-02-19 3.348 3.35 40
3.294 0.8 5.2 0.0 -16.7 -94 AAA 2029-07-22 3.316 3.31 40
3.457 2.8 16.0 9.4 -0.6 -117.7 AA- 2026-01-15 3.443 3.44 30
3.499 0.6 15.5 9.7 0.0 -133.2 AA- 2025-09-22 3.499 3.45 30
3.316 0.8 5.1 0.1 -17.1 -96.2 AAA 2024-10-23 3.464 3.62 30
3.488 2.9 15.8 8.7 -1.4 -118.4 AA- 2026-04-14 3.578 3.51 30
3.560 0.6 15.3 9.4 -0.4 -133.4 AA- 2027-10-04 3.259 3.32 30
3.346 0.9 5.2 0.2 -16.7 -96.8 AA- 2031-10-04 3.471 3.46 20
3.536 2.9 15.8 8.9 -0.9 -119.9 AA0 2025-02-14 3.511 3.55 20
3.663 0.6 15.2 9.2 -0.6 -134.1 AA+ 2025-10-08 3.334 3.41 20
