16 Oct. 2024
▪ 3Y 10000 2.920
▪ 3Y 6000 2.915
▪ 91d 8000 2.980
2Y 7000 2.910
0 0 0 0 0 0.000
KR Market
KR Bond(%,bp) YTM 1D 1W 1M
CD91D 3.400 0.0 -11.0 -13.0
2.857 -0.2 -1.3 -1.4 8000 2.980 3.088
2.905 -1.7 -3.3 -0.5 2500 3.160 3.189 AAA
2.905 -2.9 -3.0 8.5 3500 3.120 3.145 AAA
2.959 -3.6 -4.2 12.9 1700 3.160 3.189 AAA
3.047 -3.7 -3.3 12.0 1500 3.070 3.185 AAA
2.939 -1.5 -0.8 11.9 2000 3.229 3.187 AAA
KR Credit(%,bp) YTM 1D 1W 1M 3000 3.230 3.198 AAA
3.484 -2.8 -4.1 2.6 2000 3.300 3.250 AAA
3.476 -2.6 -3.1 7.2 1400 3.192 3.198 AAA
6.922 -2.8 -3.4 7.2 900 3.250 3.250 AAA
KTB Futures(tick) 1D 1W
KTBF 3Y 105.96 9 9 (십억계약,%,년)
LKTBF 10Y 116.71 32 26
KR Stock(%) Index 1D 1W 1M 26-10-15 3.12 190 2 .0 26-03-03 2.91 -90 1 .4
KOSPI 2633.45 0.39 1.51 2.25 26-10-15 3.19 160 2 .0 27-06-10 2.91 -57 2 .7
25-10-15 3.16 130 1 .0 25-03-10 2.91 -50 0 .4
KOSDAQ 773.81 0.46 -0.57 5.54 27-10-15 3.23 110 3 .0 25-09-10 2.82 -41 0 .9
FX Market(%) Price 1D 1W 1M 29-10-15 3.30 100 5 .0 24-10-24 3.27 -30 0 .0
690 2 .4 -268 1 .2
1361.3 0.40 0.86 2.39
916.61 0.82 0.67 -3.00
54-10-15 5.03 50 3 0.0 28-09-13 2.57 -190 3 .9
27-10-15 3.23 50 3 .0 50-07-14 3.60 -180 2 5.8
IRS(%) 1D(bp) CRS(%) 1D(bp) Spread(bp) 1D(bp) 54-09-10 2.92 47 2 9.9 25-06-10 2.92 -150 0 .7
26-10-15 3.21 30 2 .0 30-01-30 2.00 -110 5 .3
1Y 3.108 -2.000 1Y 2.825 1 25.1 -1.8 29-10-15 3.30 30 5 .0 25-03-18 2.92 -110 0 .4
2Y 2.955 -3.000 2Y 2.705 -0.5 5.0 -1.3 207 1 5.8 -740 8 .3
3Y 2.920 -3.250 3Y 2.735 0 1.5 -0.3
5Y 2.915 -3.000 5Y 2.735 -2 -4.4 0.6 26-10-15 3.21 100 2 .0 26-12-10 2.95 -30 2 .2
25-10-15 4.50 100 1 .0 25-05-24 3.34 -30 0 .6
10Y 2.955 -3.000 10Y 2.775 -2 -9.2 0.7 26-10-15 3.23 90 2 .0 24-12-09 3.45 -30 0 .2
26-10-15 3.19 70 2 .0 25-04-20 3.31 -20 0 .5
25-09-15 4.45 52 0 .9 24-12-27 3.36 -20 0 .2
US Bond Market 412 1 .6 -130 0 .8
US Bond(%,bp) YTM 1D 1W 1M
UST2Y 3.9 -1.2 -1.2 36.4 26-09-10 2.88 80 1 .9 26-03-03 2.91 -120 1 .4
54-09-10 2.92 75 2 9.9 28-09-10 3.02 -90 3 .9
UST5Y 3.9 -4.8 0.9 42.4 30-06-10 3.06 50 5 .7 26-03-10 2.96 -50.0 1 .4
UST10Y 4.0 -6.7 2.2 38.0 29-06-10 3.03 35 4 .7 25-07-02 2.89 -20.0 0 .7
31-12-10 3.10 30 7 .2 25-06-10 2.94 -20.0 0 .7
UST30Y 4.3 -9.1 2.7 34.0 270 1 1.3 -300 2 .0
KR Credit Market (계약수)
Bond Yield(%, bp) Yield 1D 1W 1M 3M 1Y
3.202 -1.1 -2.6 -1.6 -13.6 -81.1 -1446 34 -1328 2697 35
3.167 -3.1 -3.4 7.3 -4.0 -123.3 3248 -134 -1606 -15127 14062
3.212 -3.8 -4.8 11.7 -2.3 -126.3
3.202 -0.9 -3.3 -3.7 -11.4 -87.4 Fund Flow (십억원)
3.196 -2.9 -3.5 7.5 -10.7 -129.8 1D 1W 1M YTD
3.268 -3.7 -4.3 11.9 -5.8 -136.6 MMF* 190858.5 2163.2 -1020.6 2714.6 19801
3.308 -0.5 -3.8 -4.5 -16.5 -92.1 171985 361.4 856.2 -391.8 35401.8
3.385 -2.8 -3.6 4.1 -6.3 -143.3 121599.3 398.6 448.4 5894.1 17731.6
3.582 -4.0 -5.5 10.2 -5.8 -148.1 1683515.1 -693.4 -1870.5 3508.7 66922.3
3.392 -1.0 -4.3 -5.3 -13.6 -102.5 62272 -8.3 -1207.3 -1168.8 -8303.4
3.484 -2.8 -4.1 2.6 -5.6 -161.1 *는 T-2일 기준, 펀드는 설정액 및 ETF 제외 기준
3.692 -4.0 -5.8 9.4 -7.6 -157.8 **는 T-4일 기준
4.155 -1.0 -4.3 -5.8 -32.8 -106.1
4.428 -2.8 -4.1 2.6 -19.6 -144.7 (십억원)
4.822 -4.0 -5.8 9.9 -10.6 -138.4
4.877 -1.0 -4.3 -5.8 -32.8 -103.1 - 2025-10-15 - 4.5 480
5.221 -2.8 -4.1 2.6 -19.6 -140.7 - 2050-07-14 3.888 3.6 275
5.506 -4.0 -5.8 9.9 -10.6 -136.9 - 2025-10-15 - 4.5 240
5.444 -1.0 -4.3 -5.8 -32.8 -102.6 AA0 2026-02-17 3.358 2.33 200
5.851 -2.8 -4.1 2.6 -19.6 -137.7 AA0 2025-03-18 3.488 2.92 200
6.147 -4.0 -5.8 9.9 -10.6 -136.1 AA0 2026-10-15 - 4.7 200
3.242 -0.3 -2.4 -0.7 -18.9 -92.7 - 2027-10-15 - 4.4 190
3.334 -2.5 -3.3 8.2 -5.5 -119 AA0 2028-09-13 3.425 2.57 190
3.370 -3.5 -4.5 11.6 -3.2 -134 - 2025-09-15 - 4.45 150
3.262 -0.8 -2.4 -1.0 -19.0 -98.4 AA0 2025-04-11 3.522 3.5 130
3.397 -2.7 -3.2 7.7 -2.8 -127.3 AA- 2026-10-08 3.257 3.3 120
3.448 -3.7 -4.5 12.0 -2.3 -142.6 AA0 2026-01-20 3.272 1.54 120
3.285 -0.7 -2.3 -1.0 -19.1 -100.4 AA0 2025-09-15 - 4.45 120
3.428 -2.6 -3.1 7.1 -3.4 -128.2 AA0 2030-01-30 3.567 2 110
3.509 -3.7 -4.5 11.6 -2.7 -142.7 AA0 2025-09-16 3.262 1.63 102
3.314 -0.7 -2.3 -1.0 -18.8 -101.2 AA0 2024-12-09 3.567 3.45 100
3.476 -2.6 -3.1 7.2 -2.9 -130 AA0 2025-08-27 3.403 1.71 100
3.612 -3.6 -4.5 11.5 -2.9 -143.4 AA0 2031-02-17 3.604 2.17 100
