29 Nov. 2024
▪ 5Y 9,000 2.815
▪ 91d 8,000 3.040
▪ 20Y 3,000 2.805
0 0 0 0 0 0.000
0 0 0 0 0 0.000
KR Market
KR Bond(%,bp) YTM 1D 1W 1M
CD91D 3.290 -15.0 -15.0 -12.0
2.702 -10.5 -12.4 -13.8 4,000 3.350 - -
2.724 -9.3 -16.8 -22.2 2,600 3.120 3.218 AAA
2.640 -10.0 -19.0 -29.2 2,600 3.478 3.316 AA-
2.686 -9.4 -19.9 -32.1 SK313-1 2,600 3.260 3.242 AA+
2.785 -9.6 -19.5 -33.5 2,400 3.453 3.297 AA-
2.744 -8.6 -15.5 -29.4 2,000 3.140 3.128 AAA
KR Credit(%,bp) YTM 1D 1W 1M SK313-2 1,400 3.261 3.280 AA+
3.272 -8.5 -15.3 -24.5 1,200 - 3.050 AAA
3.231 -8.6 -16.6 -27.3 1,000 - 3.018 AAA
6.603 -9.8 -18.6 -31.8 1,000 3.060 3.038 AAA
KTB Futures(tick) 1D 1W
KTBF 3Y 106.7 29.0 52.0 (십억계약,%,년)
LKTBF 10Y 119.2 89.0 184.0
KR Stock(%) Index 1D 1W 1M 26-11-02 3.35 200 1 .9 29-03-10 2.75 -119 4 .3
KOSPI 2,504.7 0.06 0.97 -4.32 25-11-28 3.51 90 1 .0 26-07-02 2.77 -65 1 .6
27-03-03 2.73 80 2 .3 34-06-10 2.81 -60 9 .5
KOSDAQ 694.4 0.35 2.02 -6.69 29-11-28 2.96 80 5 .0 25-08-29 4.50 -50 0 .8
FX Market(%) Price 1D 1W 1M 54-09-10 2.69 39 2 9.8 32-12-10 2.85 -40 8 .0
489 4 .5 -334 4 .6
1,395.6 -0.10 -0.14 0.66
917.9 -0.19 0.95 1.87
26-11-02 3.35 200 1 .9 34-06-10 2.81 -39 9 .5
26-07-02 2.77 115 1 .6 26-02-03 3.10 -20 1 .2
IRS(%) 1D(bp) CRS(%) 1D(bp) Spread(bp) 1D(bp) 29-11-28 3.08 80 5 .0 26-03-12 3.07 -20 1 .3
27-11-26 3.03 70 3 .0 52-03-10 2.76 -20 2 7.3
1Y 2.865 -13.3 1Y 2.770 -11.5 16.3 -2.7 27-11-26 3.48 70 3 .0 30-06-10 2.81 -20 5 .5
2Y 2.728 -11.8 2Y 2.565 -11.5 0.3 -2.5 535 2 .6 -119 9 .1
3Y 2.685 -10.3 3Y 2.540 -11.5 4.5 -0.2
5Y 2.660 -10.5 5Y 2.505 -11.5 -2.6 -1.1 24-12-08 3.38 140 0 .0 27-03-03 2.73 -50 2 .3
25-09-15 4.49 68 0 .8 26-07-02 2.78 -50 1 .6
10Y 2.688 -9.5 10Y 2.535 -11.5 -9.8 0.1 26-05-28 3.14 60 1 .5 27-02-15 3.13 -40 2 .2
25-11-28 3.22 60 1 .0 25-10-02 2.70 -40 0 .8
26-12-10 2.69 50 2 .0 25-08-06 3.22 -40 0 .7
US Bond Market 378 0 .8 -220 1 .6
US Bond(%,bp) YTM 1D 1W 1M
UST2Y 4.235 - -11.6 13.5 54-09-10 2.73 42 2 9.8 25-04-02 2.90 -100 0 .3
27-06-10 2.67 28 2 .5 25-09-10 2.80 -11 0 .8
UST5Y 4.143 - -16.2 6.1 31-12-10 2.84 26 7 .0 29-03-10 2.82 -7 4 .3
UST10Y 4.265 - -15.8 0.9 32-12-10 2.86 20 8 .0 26-03-10 2.83 -6 1 .3
52-09-10 2.70 20 2 7.8 51-03-10 2.77 -7 2 6.3
UST30Y 4.440 - -16.3 -6.0 136 1 6.3 -131 2 .0
KR Credit Market (계약수)
Bond Yield(%, bp) Yield 1D 1W 1M 3M 1Y
3.082 -11.1 -12.4 -9.1 -22.8 -85.3 7,500 -1,266 -4,469 17,538 -20,546
2.920 -9.8 -17.4 -26.2 -28.9 -96.5 -869 -2,585 -7,715 51,901 -41,953
2.964 -8.6 -17.1 -28.3 -26.8 -93.6
3.089 -12.9 -14.9 -13.0 -27.4 -89.4 Fund Flow (십억원)
2.938 -10.0 -18.1 -28.7 -31.3 -108.1 1D 1W 1M YTD
3.002 -9.4 -18.9 -30.9 -28.9 -113 MMF* 198,695 2,637 -3,060 1,940 27,637
3.236 -10.5 -11.0 -8.0 -24.7 -87.3 177,674 259 1,404 2,064 41,091
3.180 -8.5 -15.3 -24.1 -31.7 -118 120,897 -123 1,812 -503 17,029
3.321 -8.5 -18.7 -31.1 -31.1 -121.7 1,704,630 -2,124 -1,046 9,935 88,037
3.309 -10.5 -11.0 -8.6 -26.1 -99.8 58,892 330 441 -2,348 -11,683
3.272 -8.5 -15.3 -24.5 -33.9 -133.8 *는 T-2일 기준, 펀드는 설정액 및 ETF 제외 기준
3.429 -8.5 -18.7 -31.1 -32.6 -132.6 **는 T-4일 기준
3.997 -11.5 -13.0 -14.3 -37.6 -116.4
4.142 -9.5 -18.0 -29.3 -42.5 -130.8 (십억원)
4.549 -9.5 -19.7 -32.1 -32.6 -114.9
4.714 -11.5 -13.0 -14.3 -38.1 -113.9 - 2026-11-02 - 3.35 400
4.935 -9.5 -18.0 -29.3 -42.5 -126.8 AA- 2026-11-27 - 3.45 390
5.233 -9.5 -19.7 -32.1 -32.6 -113.4 AA- 2027-11-26 - 3.48 320
5.286 -11.5 -13.0 -14.3 -37.6 -112.9 SK313-1 AA+ 2027-11-26 - 3.26 170
5.575 -9.5 -17.5 -28.8 -41.5 -122.8 AA0 2025-08-29 3.663 4.5 130
5.874 -9.5 -19.7 -32.1 -32.6 -112.6 A0 2026-10-23 3.394 3.35 130
3.141 -9.7 -11.3 -7.9 -20.1 -92.3 - 2025-09-15 - 4.49 80
3.077 -9.0 -17.3 -27.2 -27.2 -97.9 SK313-2 AA+ 2029-11-28 - 3.26 80
3.103 -9.0 -19.3 -32.0 -27.5 -104.8 - 2025-09-15 - 4.49 68
3.159 -9.6 -11.4 -8.9 -20.9 -98.5 AA0 2025-09-15 - 4.54 64
3.155 -8.8 -16.9 -27.1 -27.7 -102 BBB+ 2027-11-28 - 3.57 55
3.194 -8.6 -18.2 -30.4 -27.3 -113 A0 2025-04-04 3.829 3.7 50
3.183 -9.6 -11.6 -8.8 -20.5 -100.3 AAA 2026-11-20 3.137 3.1 50
3.182 -8.8 -16.7 -27.4 -28.8 -103.4 AA+ 2025-02-07 3.552 3.44 40
3.254 -8.5 -18.1 -30.5 -27.7 -113.2 AAA 2028-02-20 3.083 3.04 40
3.212 -9.7 -11.6 -8.8 -20.6 -101.1 AA0 2026-01-23 3.269 3.21 40
3.231 -8.6 -16.6 -27.3 -28.5 -105 - 2027-12-17 - 3.55 40
3.356 -8.6 -18.2 -30.5 -28.0 -114.2 AA- 2025-04-08 3.577 3.52 30
