6 Nov. 2024
▪ 30y 13000 2.910
▪ 91d 7100 3.050
▪ 0 0 0 0 0 0.000
0 0 0 0 0 0.000
0 0 0 0 0 0.000
KR Market
KR Bond(%,bp) YTM 1D 1W 1M
CD91D 3.440 1.0 3.0 -8.0
2.840 -0.3 0.0 1.8 7100 3.050 3.051
2.942 -1.3 -0.4 9.7 1800 3.210 3.304 AAA
2.917 -1.5 -1.5 9.2 2700 3.110 3.212 AAA
2.972 -2.0 -3.5 7.6 1500 3.201 3.184 AAA
3.075 -2.0 -4.5 8.0 1000 5.450 3.221 AAA
3.004 -2.6 -3.4 11.8 300 3.290 3.300 AAA
KR Credit(%,bp) YTM 1D 1W 1M 2500 3.200 3.240 AAA
3.515 -1.2 -0.2 8.3 300 3.434 3.493 AA-
3.483 -1.8 -2.1 6.8 300 3.434 3.505 AA-
6.904 -1.5 -1.7 5.4 500 3.475 3.526 AA-
KTB Futures(tick) 1D 1W
KTBF 3Y 105.89 4.0 5.0 (십억계약,%,년)
LKTBF 10Y 116.42 22.0 25.0
KR Stock(%) Index 1D 1W 1M 25-11-05 3.20 250 1 .0 30-12-10 3.11 -140 6 .1
KOSPI 2576.88 -0.47 -1.56 0.28 25-07-05 3.28 60 0 .7 29-03-10 3.01 -23 4 .3
29-09-10 2.98 50 4 .8 32-12-10 3.10 -20 8 .1
KOSDAQ 751.81 -0.30 1.03 -2.23 25-09-03 2.85 40 0 .8 26-03-10 2.94 -20 1 .3
FX Market(%) Price 1D 1W 1M 25-06-10 2.95 40 0 .6 24-12-27 3.29 -20 0 .1
440 1 .3 -223 5 .1
1378.6 0.56 -0.57 3.37
905.47 0.15 0.50 -1.77
27-11-05 3.20 100 3 .0 25-03-10 2.88 -100 0 .3
44-09-10 3.00 70 1 9.9 25-06-10 2.94 -80 0 .6
IRS(%) 1D(bp) CRS(%) 1D(bp) Spread(bp) 1D(bp) 29-10-31 3.18 48 5 .0 34-06-10 3.08 -44 9 .6
54-09-10 2.92 26 2 9.9 27-12-10 2.99 -40 3 .1
1Y 3.138 0.250 1Y 2.815 -2 29.8 0.6 30-12-10 3.11 20 6 .1 33-06-10 3.11 -30 8 .6
2Y 2.995 -1.500 2Y 2.71 -2.5 5.3 -0.2 264 1 0.7 -294 3 .0
3Y 2.958 -2.000 3Y 2.695 -2 4.1 -0.5
5Y 2.955 -1.500 5Y 2.67 -2.5 -1.7 0.5 26-10-02 3.37 40 1 .9 25-05-07 3.40 -30 0 .5
30-12-10 3.11 40 6 .1 25-05-07 3.37 -30 0 .5
10Y 2.988 -1.500 10Y 2.725 -2.5 -8.8 0.5 26-03-10 3.24 30 1 .3 29-03-10 3.01 -25 4 .3
26-05-04 3.43 30 1 .5 32-05-04 4.00 -20 7 .5
26-11-05 3.43 30 2 .0 26-10-22 3.43 -20 2 .0
US Bond Market 170 2 .7 -125 2 .6
US Bond(%,bp) YTM 1D 1W 1M
UST2Y 4.2 2.1 8.5 25.9 34-06-10 3.08 92 9 .6 29-12-10 3.06 -95 5 .1
UST5Y 4.2 0.2 6.9 34.5 27-12-10 2.99 40 3 .1 25-09-10 2.87 -27 0 .8
26-09-10 2.97 27 1 .8 41-09-10 3.00 -30.1 1 6.9
UST10Y 4.3 -1.4 1.7 30.4 26-12-10 2.98 27 2 .1 29-06-10 3.04 -26.0 4 .6
UST30Y 4.4 -3.2 -6.3 18.5 26-09-10 2.94 20 1 .8 33-06-10 3.10 -15.0 8 .6
206 5 .6 -193 6 .5
KR Credit Market (계약수)
Bond Yield(%, bp) Yield 1D 1W 1M 3M 1Y
3.189 0.0 1.6 1.3 -5.8 -89.1 -3093 28 1018 -6719 7680
3.170 -1.4 -1.2 7.0 3.7 -121.3 5315 -150 806 -15653 7578
3.217 -1.7 -3.0 5.5 7.4 -118
3.235 -0.2 1.6 4.6 -4.6 -88.6 Fund Flow (십억원)
3.208 -1.6 -1.7 8.0 1.4 -120.8 1D 1W 1M YTD
3.281 -1.9 -3.0 6.8 6.5 -124.2 MMF* 198095.9 3940.1 1341.2 10281.7 27038.4
3.339 0.0 2.3 4.8 -6.9 -99 176640.2 586.7 1029.6 5862 40057
3.419 -1.2 -0.2 9.1 4.5 -145.4 120236.4 838.5 -1163.4 607.9 16368.7
3.595 -2.0 -3.7 6.5 7.8 -141.5 1701243.6 4063.2 3144.9 13733.6 84650.8
3.418 0.0 2.3 3.8 -4.2 -109.4 60952.2 -180.3 -752.5 -2325.1 -9623.2
3.515 -1.2 -0.2 8.3 3.7 -161 *는 T-2일 기준, 펀드는 설정액 및 ETF 제외 기준
3.703 -2.0 -3.7 6.0 6.3 -151.4 **는 T-4일 기준
4.145 0.0 0.5 0.2 -25.3 -116.6
4.425 -1.5 -1.0 4.9 -11.4 -147 (십억원)
4.833 -2.0 -3.7 6.0 2.0 -131
4.862 0.0 0.5 -0.3 -25.8 -114.1 AA- 2027-10-08 3.378 3.37 110
5.218 -1.5 -1.0 4.9 -11.4 -143 A+ 2027-10-25 3.527 3.58 60
5.517 -2.0 -3.7 6.0 2.0 -129.5 AA- 2025-09-22 3.489 3.49 50
5.434 0.0 0.5 0.2 -25.3 -113.1 AA- 2025-06-13 3.518 3.55 50
5.853 -1.5 -1.0 5.4 -10.9 -139.5 AA0 2025-07-14 3.335 3.42 50
6.158 -2.0 -3.7 6.0 2.0 -128.7 A- 2027-10-22 4.454 4.5 50
3.239 0.0 1.9 2.2 -6.7 -99.9 AA0 2031-05-13 3.832 3.6 41
3.326 -1.7 -2.3 5.6 4.4 -115.1 AA- 2025-02-28 3.561 3.62 40
3.379 -2.0 -4.4 6.2 9.2 -121.9 AA- 2026-10-07 3.395 3.23 40
3.261 0.0 1.3 2.2 -6.6 -104.9 A0 2025-02-28 3.447 3.59 40
3.404 -1.8 -2.2 6.8 8.0 -121.8 AA- 2026-05-07 3.642 3.64 40
3.459 -2.0 -3.9 6.4 10.5 -130.8 AA- 2027-01-29 3.713 3.72 30
3.285 0.0 1.4 2.4 -6.3 -106.7 AAA 2025-11-24 3.263 3.3 30
3.435 -1.8 -2.1 6.8 7.6 -122.7 AAA 2025-10-13 3.35 3.36 30
3.520 -2.0 -3.9 6.4 10.1 -131.2 AA+ 2025-11-26 3.245 3.22 30
3.314 0.0 1.4 2.3 -6.3 -107.4 AA- 2026-04-28 3.41 3.37 30
3.483 -1.8 -2.1 6.8 8.1 -124.4 2025-04-11 - 5.2 24
3.623 -2.0 -3.8 6.3 10.1 -131.8 AA0 2025-07-14 3.33 3.41 20
