7 Nov. 2024
▪ 30y 13000 2.910
▪ 91d 7100 3.050
▪ 2y 19100 2.970
0 0 0 0 0 0.000
0 0 0 0 0 0.000
KR Market
KR Bond(%,bp) YTM 1D 1W 1M
CD91D 3.440 0.0 1.0 -7.0
2.856 1.6 1.5 -2.1 300 3.417 3.399 AA+
2.980 3.8 3.0 1.5 200 3.468 3.500 AA+
2.956 3.9 2.1 -0.1 1000 3.417 3.399 AA+
3.020 4.8 2.0 0.2 50 3.000 - -
3.137 6.2 3.5 3.6 250 4.601 6.261 BBB+
3.040 3.6 1.3 7.5 110 4.971 6.902 BBB+
KR Credit(%,bp) YTM 1D 1W 1M 100 4.000 3.516 AA-
3.555 4.0 3.0 0.3 0 ###### 1900-01-00 0 0.000 0.000 0
3.519 3.6 0.8 -1.9 0 ###### 1900-01-00 0 0.000 0.000 0
6.923 1.9 -0.1 -5.9 0 ###### 1900-01-00 0 0.000 0.000 0
KTB Futures(tick) 1D 1W
KTBF 3Y 105.75 -14.0 -10.0 (십억계약,%,년)
LKTBF 10Y 115.78 -64.0 -45.0
KR Stock(%) Index 1D 1W 1M 26-10-02 2.97 360 1 .9 53-03-10 2.96 -20 2 8.4
KOSPI 2563.51 -0.52 -1.17 -1.80 27-06-10 2.96 164 2 .6 26-09-24 3.26 -20 1 .9
29-03-10 3.07 140 4 .3 26-10-21 3.24 -20 2 .0
KOSDAQ 743.31 -1.13 0.69 -4.83 29-09-10 3.02 93 4 .8 26-01-12 3.22 -10 1 .2
FX Market(%) Price 1D 1W 1M 26-07-02 3.02 70 1 .7 26-03-05 3.22 -10 1 .3
827 2 .8 -80 8 .4
1396.2 1.28 1.00 3.68
909.05 0.40 0.86 0.26
34-06-10 3.14 183 9 .6 26-05-21 3.32 -30 1 .5
54-09-10 2.95 156 2 9.9 26-03-04 3.22 -20 1 .3
IRS(%) 1D(bp) CRS(%) 1D(bp) Spread(bp) 1D(bp) 33-12-10 3.16 130 9 .1 32-10-09 3.23 -20 7 .9
29-11-06 3.42 100 5 .0 25-01-21 3.95 -20 0 .2
1Y 3.170 3.250 1Y 2.905 9 31.4 1.6 27-06-10 2.97 41 2 .6 42-09-10 3.02 -10 1 7.9
2Y 3.050 5.500 2Y 2.75 4 7.0 1.7 610 1 3.4 -100 4 .1
3Y 3.015 5.750 3Y 2.73 3.5 5.9 1.9
5Y 3.020 6.500 5Y 2.7 3 0.0 1.7 26-12-10 2.98 39 2 .1 27-01-15 3.31 -30 2 .2
34-06-10 3.13 35 9 .6 54-03-10 2.98 -20 2 9.4
10Y 3.055 6.750 10Y 2.745 2 -8.2 0.6 29-09-10 3.01 32 4 .8 26-07-02 3.02 -20 1 .7
26-05-21 3.33 30 1 .5 26-01-04 3.27 -20 1 .2
26-10-04 3.26 20 1 .9 24-12-19 3.36 -20 0 .1
US Bond Market 156 4 .2 -110 6 .5
US Bond(%,bp) YTM 1D 1W 1M
UST2Y 4.3 10.6 11.3 29.4 54-09-10 2.94 65 2 9.9 25-09-10 2.91 -286 0 .8
52-03-10 2.96 40 2 7.4 25-09-03 2.87 -20 0 .8
UST5Y 4.3 15.2 13.5 43.6 29-12-10 3.12 23 5 .1 27-03-10 2.97 -4.2 2 .3
UST10Y 4.5 18.7 15.9 43.2 25-02-04 3.09 20 0 .2 28-06-10 3.05 -0.8 3 .6
34-06-10 3.13 10 9 .6 26-03-10 2.97 0.0 1 .3
UST30Y 4.6 20.3 13.6 33.3 158 2 0.6 -311 0 .9
KR Credit Market (계약수)
Bond Yield(%, bp) Yield 1D 1W 1M 3M 1Y
3.206 1.7 2.7 -2.5 -3.0 -88.3 2772 886 3377 -20204 12058
3.206 3.6 2.1 -1.6 8.7 -118.1 3907 647 5238 -36230 23157
3.262 4.5 2.2 -1.5 13.1 -113.8
3.251 1.6 2.5 0.9 -2.2 -87.6 Fund Flow (십억원)
3.248 4.0 2.1 -0.4 6.5 -117 1D 1W 1M YTD
3.326 4.5 2.0 -0.2 12.1 -119.6 MMF* 200615.2 2519.3 4217.1 12801 29557.7
3.362 2.3 3.6 1.1 -3.6 -97.7 177012.4 372.2 1480.3 6234.2 40429.2
3.459 4.0 3.0 1.1 9.2 -142.4 119980.4 -256.0 -1429 351.9 16112.7
3.643 4.8 1.8 -1.2 13.1 -136.7 1701243.6 4063.2 6549.4 15858 84650.8
3.441 2.3 3.6 0.1 -0.9 -108.1 60952.2 -180.3 -287.4 -2527.1 -9623.2
3.555 4.0 3.0 0.3 7.9 -158 *는 T-2일 기준, 펀드는 설정액 및 ETF 제외 기준
3.751 4.8 1.8 -1.7 11.6 -146.6 **는 T-4일 기준
4.165 2.0 2.0 -3.8 -21.3 -115.6
4.465 4.0 2.7 -3.1 -6.2 -144 (십억원)
4.881 4.8 1.8 -1.7 7.8 -126.2
4.882 2.0 2.0 -4.3 -21.8 -113.1 - 2025-04-29 - 3.97 180
5.258 4.0 2.7 -3.1 -6.2 -140 - 2029-12-20 - 4.92 80
5.565 4.8 1.8 -1.7 7.8 -124.7 AA0 2027-02-15 3.476 3.48 70
5.454 2.0 2.0 -3.8 -21.3 -112.1 AAA 2025-08-25 3.266 3.27 60
5.893 4.0 2.7 -2.6 -5.7 -136.5 AA- 2025-01-24 3.569 3.64 60
6.206 4.8 1.8 -1.7 7.8 -123.9 AA0 2028-05-28 3.314 3.33 50
3.255 1.6 3.2 -1.6 -3.0 -98.7 AA0 2027-01-15 3.471 3.47 50
3.365 3.9 1.3 -2.9 9.5 -111.7 A0 2027-01-26 3.676 4.16 41
3.427 4.8 1.0 -1.0 14.8 -117 A+ 2025-04-25 3.512 3.59 40
3.281 2.0 2.9 -1.1 -2.3 -103.6 AAA 2025-06-15 3.29 3.29 40
3.440 3.6 0.8 -1.9 12.6 -118.5 AAA 2024-12-18 3.369 3.33 40
3.507 4.8 1.6 -1.0 16.2 -126 SK304-2 AA+ 2025-09-16 3.27 3.28 40
3.305 2.0 3.1 -1.0 -2.0 -105.4 AA- 2026-06-26 3.415 3.37 40
3.471 3.6 0.8 -1.9 12.0 -119.4 A0 2025-02-28 3.462 3.59 40
3.568 4.8 1.6 -1.0 15.9 -126.3 - 2027-06-21 - 4.36 30
3.334 2.0 3.1 -1.0 -2.0 -106.1 - 2027-06-21 - 5.36 30
3.519 3.6 0.8 -1.9 12.6 -121.1 - 2026-10-27 - 4.35 30
3.671 4.8 1.6 -0.9 15.8 -127 AA0 2027-01-15 3.284 3.31 30
