13 Nov. 2024
▪ 3Y 6990 2.870
▪ 3Y 5000 2.840
▪ 91d 3900 3.060
2Y 6000 2.890
0 0 0 0 0 0.000
KR Market
KR Bond(%,bp) YTM 1D 1W 1M
CD91D 3.440 1.0 0.0 4.0
2.830 0.0 -1.0 -3.3 3900 3.060 3.046
2.946 0.4 0.4 1.1 2700 3.100 3.202 AAA
2.900 0.0 -1.7 -4.8 3100 3.150 3.157 AAA
2.940 -0.9 -3.2 -5.5 1900 3.150 3.157 AAA
3.015 -2.0 -6.0 -6.2 1500 3.060 3.069 AAA
2.964 -1.1 -4.0 3.6 3000 3.230 3.200 AAA
KR Credit(%,bp) YTM 1D 1W 1M 2000 3.205 3.152 AAA
3.490 0.0 -2.5 -3.4 2000 3.262 3.196 AAA
3.465 -0.3 -1.8 -5.0 500 3.190 3.200 AAA
6.862 -0.5 -4.2 -10.2 1600 3.091 3.152 AAA
KTB Futures(tick) 1D 1W
KTBF 3Y 105.94 0.0 19.0 (십억계약,%,년)
LKTBF 10Y 116.92 12.0 114.0
KR Stock(%) Index 1D 1W 1M 26-11-12 3.15 220 2 .0 25-06-07 3.37 -100 0 .6
KOSPI 2482.57 -1.94 -3.66 -4.40 25-11-12 3.19 210 1 .0 26-09-10 2.92 -70 1 .8
26-11-12 3.15 150 2 .0 26-03-03 2.93 -50 1 .3
KOSDAQ 710.52 -2.51 -5.49 -7.84 27-11-12 3.06 120 3 .0 31-12-10 3.07 -50 7 .1
FX Market(%) Price 1D 1W 1M 29-11-12 3.26 100 5 .0 26-04-02 2.97 -40 1 .4
800 2 .3 -310 2 .1
1403.5 0.63 1.81 4.00
917.07 0.69 1.28 1.07
26-11-12 3.23 110 2 .0 54-03-10 2.88 -60 2 9.3
43-09-10 2.96 50 1 8.8 34-06-10 3.02 -60 9 .6
IRS(%) 1D(bp) CRS(%) 1D(bp) Spread(bp) 1D(bp) 54-09-10 2.87 55 2 9.8 25-01-27 3.62 -30 0 .2
26-04-02 2.97 50 1 .4 27-12-10 2.95 -30 3 .1
1Y 3.145 0.250 1Y 2.885 1.5 31.5 0.2 26-07-02 2.97 41 1 .6 25-09-29 3.39 -20 0 .9
2Y 2.980 -0.250 2Y 2.725 0 3.4 -0.6 306 9 .6 -200 1 2.3
3Y 2.928 -0.500 3Y 2.7 0.5 2.8 -0.5
5Y 2.900 -0.750 5Y 2.68 -0.5 -4.0 0.1 26-11-12 3.34 95 2 .0 27-06-10 2.89 -77 2 .6
25-06-07 3.37 80 0 .6 26-03-03 2.93 -50 1 .3
10Y 2.928 -1.000 10Y 2.73 -0.5 -8.7 1.0 26-11-12 3.23 70 2 .0 52-03-10 2.89 -53 2 7.3
30-12-10 3.06 60 6 .1 34-06-10 3.01 -33 9 .6
27-11-12 3.21 50 3 .0 24-12-16 3.31 -30 0 .1
US Bond Market 355 2 .5 -243 8 .4
US Bond(%,bp) YTM 1D 1W 1M
UST2Y 4.3 8.8 15.9 38.4 27-03-10 2.94 104 2 .3 25-09-10 2.86 -56 0 .8
UST5Y 4.3 12.1 16.3 41.0 25-02-11 3.08 80 0 .2 31-12-10 3.07 -50 7 .1
30-12-10 3.06 54 6 .1 26-09-10 2.94 -46.0 1 .8
UST10Y 4.4 12.3 15.7 32.8 53-03-10 2.90 20 2 8.3 24-12-10 3.18 -2.9 0 .1
43-09-10 2.96 16 1 8.8 25-03-10 2.91 -1.3 0 .3
UST30Y 4.6 9.8 13.2 15.6
274 5 .3 -156 3 .1
KR Credit Market (계약수)
Bond Yield(%, bp) Yield 1D 1W 1M 3M 1Y
3.194 0.1 0.5 -2.4 -5.2 -89.9 -4205 -914 -694 3845 683
3.150 -0.2 -2.0 -6.4 4.1 -119.9 -6025 579 -632 1068 3167
3.185 -1.1 -3.2 -6.8 7.1 -116.8
3.238 0.1 0.3 1.7 -5.2 -90.4 Fund Flow (십억원)
3.188 0.0 -2.0 -5.2 1.4 -119.8 1D 1W 1M YTD
3.243 -0.9 -3.8 -6.3 6.7 -124.3 MMF* 196347.9 -1961.7 -1748 7652.6 25290.4
3.340 0.0 0.1 1.7 -6.3 -100.9 176949.7 -372.9 309.5 5326.1 40366.5
3.394 0.0 -2.5 -3.1 2.5 -145.1 120715.9 -537.7 479.5 -484.8 16848.2
3.563 -0.7 -3.2 -5.7 7.4 -140.7 1708347.6 1947.8 8152.8 24832.5 91754.8
3.419 0.0 0.1 0.7 -5.1 -112.8 60580 275.7 -412.8 -1692 -9995.4
3.490 0.0 -2.5 -3.4 0.7 -161.5 *는 T-2일 기준, 펀드는 설정액 및 ETF 제외 기준
3.671 -0.7 -3.2 -5.9 5.9 -151.6 **는 T-4일 기준
4.135 0.0 -1.0 -4.0 -23.8 -121.1
4.397 -0.3 -2.8 -7.1 -11.2 -147.8 (십억원)
4.801 -0.7 -3.2 -5.9 4.1 -132.2
4.852 0.0 -1.0 -4.5 -24.3 -118.6 AA 2054-11-12 - 4.59 214
5.190 -0.3 -2.8 -7.1 -11.2 -143.8 A- 2034-11-12 - 6.04 149
5.485 -0.7 -3.2 -5.9 4.1 -130.7 AA- 2025-01-27 3.526 3.62 120
5.424 0.0 -1.0 -4.0 -23.8 -117.6 AA+ 2029-03-13 3.279 3.29 120
5.825 -0.3 -2.8 -6.6 -10.7 -140.3 AA0 2027-10-29 3.402 3.39 110
6.126 -0.7 -3.2 -5.9 4.1 -129.9 A+ 2026-10-23 3.786 3.78 80
3.241 0.2 0.2 -1.0 -3.2 -103.7 A0 2026-01-23 3.991 3.97 80
3.316 0.3 -1.0 -5.1 7.0 -114.5 AA- 2025-06-23 3.537 3.57 70
3.349 -0.7 -3.0 -5.5 9.9 -121.1 AA+ 2026-02-19 3.177 3.2 60
3.265 0.2 0.4 -1.3 -2.6 -108.6 AA- 2099-12-31 4.16 4.21 60
3.387 -0.3 -1.7 -5.0 8.1 -122.3 AA0 2024-12-09 3.555 3.4 60
3.432 -0.6 -2.7 -5.2 10.5 -130.3 - 2024-12-20 3.583 4.17 50
3.289 0.2 0.4 -1.1 -2.2 -110.4 AA- 2029-08-29 3.681 3.67 40
3.417 -0.3 -1.8 -5.0 7.3 -123.4 AA- 2025-01-27 3.51 3.58 40
3.492 -0.7 -2.8 -5.3 10.0 -130.7 AA0 2025-04-24 3.464 3.53 40
3.318 0.2 0.4 -1.2 -2.3 -111.2 A+ 2025-04-14 3.439 3.41 40
3.465 -0.3 -1.8 -5.0 7.6 -125.1 A+ 2025-01-27 3.428 3.37 40
3.594 -0.8 -2.9 -5.3 9.9 -131.5 A+ 2027-02-02 3.58 3.57 40
