20 Nov. 2024
▪ 10Y 7,000 3.040
▪ 10Y 5,000 3.025
▪ 91d 6,600 3.050
0 0 0 0 0 0.000
0 0 0 0 0 0.000
KR Market
KR Bond(%,bp) YTM 1D 1W 1M
CD91D 3.440 0.0 0.0 5.0
2.841 -1.0 1.1 -4.4 6,600 3.050 3.058
2.940 -2.0 -0.6 2.8 3,300 3.240 3.322 AAA
2.887 -2.8 -1.3 -2.8 2,700 3.130 3.131 AAA
2.935 -3.0 -0.5 -5.0 1,400 3.170 3.175 AAA
3.035 -2.5 2.0 -4.5 1,400 3.180 3.183 AAA
2.983 -1.6 1.9 0.2 1,000 3.250 3.260 AAA
KR Credit(%,bp) YTM 1D 1W 1M 800 3.155 3.193 AAA
3.477 -2.3 -1.3 -1.2 300 3.220 3.227 AAA
3.448 -2.7 -1.7 -3.8 160 8.000 - -
6.846 -2.8 -1.6 -8.1 90 - - -
KTB Futures(tick) 1D 1W
KTBF 3Y 106.0 8.0 15.0 (십억계약,%,년)
LKTBF 10Y 116.8 25.0 28.0
KR Stock(%) Index 1D 1W 1M
KOSPI 2,472.0 0.12 -0.43 -4.70
KOSDAQ 686.1 -0.50 -3.43 -8.91
FX Market(%) Price 1D 1W 1M
1,390.9 -0.31 -0.90 1.55
907.1 0.78 -1.09 -0.68
IRS(%) 1D(bp) CRS(%) 1D(bp) Spread(bp) 1D(bp)
1Y 3.128 -2.3 1Y 2.875 -2 28.7 -1.3
2Y 2.975 -2.7 2Y 2.760 -1.5 3.5 -0.7
3Y 2.920 -3.0 3Y 2.760 -0.5 3.3 -0.2
5Y 2.903 -3.0 5Y 2.700 -1 -3.3 0.0
10Y 2.930 -3.0 10Y 2.740 -1 -10.5 -0.5
US Bond Market
US Bond(%,bp) YTM 1D 1W 1M
UST2Y 4.285 0.3 -5.9 33.5
UST5Y 4.264 -1.4 -5.0 38.4
UST10Y 4.401 -1.5 -2.9 31.6
UST30Y 4.584 -2.7 1.5 19.1
KR Credit Market (계약수)
Bond Yield(%, bp) Yield 1D 1W 1M 3M 1Y
3.216 -1.1 2.2 0.4 -4.3 -78.6 -522 -696 -974 7,939 -5,459
3.146 -2.6 -0.4 -2.7 -2.5 -89.3 9,814 -513 1,528 1,683 -12,036
3.182 -3.0 -0.3 -5.3 0.6 -88
3.250 -1.0 1.2 3.3 -7.5 -79.6 Fund Flow (십억원)
3.174 -2.7 -1.4 -3.0 -5.3 -96.1 1D 1W 1M YTD
3.240 -3.0 -0.3 -5.2 0.4 -100.6 MMF* 202,487 805 6,139 4,421 31,429
3.355 -1.0 1.5 3.2 -7.8 -84.9 176,570 -170 -380 4,055 39,986
3.383 -2.3 -1.1 -0.8 -6.4 -117.9 118,479 26 -2,237 -2,551 14,611
3.558 -3.0 -0.5 -5.4 -0.4 -114.7 1,709,385 1,384 1,038 23,312 92,793
3.431 -1.0 1.2 2.4 -7.4 -97.1 58,740 -297 -1,840 -2,536 -11,836
3.477 -2.3 -1.3 -1.2 -8.4 -134.5 *는 T-2일 기준, 펀드는 설정액 및 ETF 제외 기준
3.666 -3.0 -0.5 -5.4 -1.9 -125.6 **는 T-4일 기준
4.142 -1.0 0.7 -2.8 -23.6 -110.9
4.379 -2.8 -1.8 -5.4 -18.8 -125.8 (십억원)
4.796 -3.0 -0.5 -5.4 -2.7 -106.4
4.859 -1.0 0.7 -3.3 -24.1 -108.4 - 2028-09-29 3.441 3.04 140
5.172 -2.8 -1.8 -5.4 -18.8 -121.8 - 2028-12-24 3.448 2.92 100
5.480 -3.0 -0.5 -5.4 -2.7 -104.9 AAA 2029-02-26 3.257 3.23 70
5.431 -1.0 0.7 -2.8 -23.6 -107.4 AA0 2027-10-07 3.32 3.3 60
5.807 -2.8 -1.8 -4.9 -18.3 -118.3 AA- 2025-01-17 3.633 3.74 50
6.121 -3.0 -0.5 -5.4 -2.7 -104.1 AA+ 2025-04-04 3.448 3.46 40
3.263 -0.3 2.2 0.1 -4.7 -89.7 - 2025-08-19 - 8 32
3.303 -2.7 -1.3 -3.9 -0.7 -89.4 AA- 2026-04-17 3.474 3.46 30
3.346 -3.0 -0.3 -5.6 2.4 -95.3 AA- 2030-02-26 3.419 3.41 30
3.283 -0.7 1.8 0.6 -4.4 -95.8 AA- 2025-06-09 3.643 3.65 30
3.373 -2.5 -1.4 -3.4 -0.2 -96.7 KT187-4 AAA 2034-09-02 3.463 3.4 30
3.426 -2.8 -0.6 -4.9 2.3 -105.2 AAA 2025-07-18 3.29 3.33 30
3.309 -0.6 2.0 0.9 -3.8 -97.4 AAA 2024-11-29 3.422 3.38 20
3.400 -2.7 -1.7 -3.8 -1.2 -98.1 AAA 2025-01-17 3.411 3.52 20
3.485 -2.8 -0.7 -5.1 1.8 -105.6 AA+ 2025-07-25 3.501 3.49 20
3.338 -0.7 2.0 0.9 -3.9 -98.1 AAA 2025-01-17 3.407 3.51 20
3.448 -2.7 -1.7 -3.8 -1.0 -99.8 AA- 2025-01-26 3.545 3.66 20
3.588 -2.8 -0.6 -5.0 1.7 -106.4 - 2025-02-18 - 3.16 15
27-05-1928-11-1926-05-1925-08-1925-03-10
27-04-2327-10-2252-03-1054-09-1025-08-19
25-11-1925-10-0226-10-0227-05-1926-11-19
33-06-1025-06-1025-06-1026-09-1044-09-10
3.133.163.183.322.84
3.373.372.892.918.00
3.252.842.943.133.17
3.062.932.942.942.98
23080807050510
3020401816124
10060404040280
5250505010212
2.5
4.0
1.5
0.7
0.3
2.1
2.4
2.9
27.3
29.8
0.7
14.3
1.0
0.9
1.9
2.5
2.0
1.5
8.6
0.6
0.6
1.8
19.8
3.7
26-10-0226-03-1025-07-0229-12-1027-06-10
28-09-2952-03-1025-11-1328-12-2454-03-10
34-06-1026-12-1054-03-1025-07-1126-06-10
25-03-1033-12-1024-11-3026-03-1026-03-10
2.942.902.873.022.89
3.042.933.152.922.92
3.042.932.933.492.92
2.943.073.562.892.90
-160-40-40-40-32-312
-70-64-60-50-40-284
-42-40-29-30-29-170
-239-49-30.0-8.5-4.2-330
1.9
1.3
0.6
5.1
2.6
2.1
3.9
27.3
1.0
4.1
29.3
12.2
9.6
2.1
29.3
0.6
1.6
8.2
0.3
9.1
0.0
1.3
1.3
1.6
