28 Nov. 2024
▪ 5Y 9,000 2.815
▪ 91d 8,000 3.040
▪ 20Y 3,000 2.805
0 0 0 0 0 0.000
0 0 0 0 0 0.000
KR Market
KR Bond(%,bp) YTM 1D 1W 1M
CD91D 3.440 0.0 0.0 3.0
2.807 -0.7 -2.8 -3.1 3,200 3.330 3.411 AAA
2.817 -2.5 -11.1 -11.8 3,000 3.260 3.344 AAA
2.740 -3.2 -13.5 -19.2 1,700 3.054 3.074 AAA
2.780 -3.0 -14.0 -23.5 1,500 3.062 - AAA
2.881 -2.1 -13.2 -24.6 1,500 3.227 3.224 AA+
2.830 -2.4 -13.0 -20.0 1,000 3.031 3.074 AAA
KR Credit(%,bp) YTM 1D 1W 1M 1,000 3.240 3.227 AAA
3.357 -2.5 -10.8 -15.3 1,000 3.990 3.391 AA-
3.317 -3.1 -11.9 -18.6 1,000 3.073 3.199 AAA
6.701 -3.2 -13.3 -22.0 1,000 3.480 3.288 AA+
KTB Futures(tick) 1D 1W
KTBF 3Y 106.4 9.0 27.0 (십억계약,%,년)
LKTBF 10Y 118.3 24.0 93.0
KR Stock(%) Index 1D 1W 1M 25-04-27 3.38 260 0 .4 32-12-10 2.92 -70 8 .0
KOSPI 2,503.1 -0.69 0.84 -4.19 29-11-27 3.05 150 5 .0 29-03-10 2.82 -70 4 .3
27-09-03 2.81 100 2 .8 25-09-10 2.85 -70 0 .8
KOSDAQ 692.0 -0.17 1.33 -6.55 29-11-27 3.03 100 5 .0 26-07-02 2.86 -65 1 .6
FX Market(%) Price 1D 1W 1M 29-12-10 2.88 50 5 .0 26-10-02 2.83 -40 1 .8
660 2 .9 -315 3 .5
1,397.0 -0.09 0.44 0.87
919.6 1.43 2.17 1.76
28-11-27 3.23 150 4 .0 29-12-10 2.88 -50 5 .0
27-11-27 3.06 100 3 .0 31-12-10 2.99 -50 7 .0
IRS(%) 1D(bp) CRS(%) 1D(bp) Spread(bp) 1D(bp) 26-04-02 2.88 80 1 .3 34-06-10 2.88 -30 9 .5
32-12-10 2.93 64 8 .0 25-01-17 3.76 -30 0 .1
1Y 2.998 -1.0 1Y 2.885 1 19.1 -0.3 29-10-31 2.99 40 4 .9 52-03-10 2.79 -30 2 7.3
2Y 2.845 -2.3 2Y 2.680 -2 2.8 0.2 434 4 .0 -190 9 .0
3Y 2.788 -2.3 3Y 2.655 -3 4.7 0.9
5Y 2.765 -2.3 5Y 2.620 -3 -1.5 0.8 25-11-27 3.48 90 1 .0 34-06-10 2.88 -136 9 .5
24-12-05 3.42 60 0 .0 26-04-02 2.89 -40 1 .3
10Y 2.783 -2.7 10Y 2.650 -3 -9.8 -0.6 26-10-02 2.82 55 1 .8 54-09-10 2.78 -39 2 9.8
25-11-27 3.24 50 1 .0 27-03-10 2.82 -39 2 .3
27-11-26 4.00 50 3 .0 25-06-13 3.71 -30 0 .5
US Bond Market 305 1 .3 -284 9 .2
US Bond(%,bp) YTM 1D 1W 1M
UST2Y 4.217 -4.3 -10.2 7.3 25-11-26 3.18 90 1 .0 25-06-10 2.92 -35 0 .5
32-12-10 2.92 32 8 .0 32-06-10 2.92 -5 7 .5
UST5Y 4.128 -6.5 -15.3 0.9 30-03-31 1.20 20 5 .3 28-06-10 2.83 -5 3 .5
UST10Y 4.256 -5.3 -15.8 -2.8 30-12-10 2.92 12 6 .0 54-03-10 2.82 -2 2 9.3
27-03-10 2.81 13 2 .3 33-06-10 2.91 -1 8 .5
UST30Y 4.437 -4.5 -16.2 -9.4 167 3 .3 -47 2 .9
KR Credit Market (계약수)
Bond Yield(%, bp) Yield 1D 1W 1M 3M 1Y
3.193 -0.7 -1.8 2.2 -11.4 -79.2 -1,890 553 -328 7,656 -5,493
3.018 -2.8 -11.6 -16.4 -17.0 -96.3 -13,402 -2,308 -3,502 55,765 -35,526
3.050 -2.4 -11.7 -20.5 -16.7 -94.2
3.218 -0.9 -3.1 0.7 -14.3 -81.5 Fund Flow (십억원)
3.038 -2.7 -12.4 -18.6 -19.7 -107.8 1D 1W 1M YTD
3.096 -2.5 -13.0 -22.2 -18.0 -112.9 MMF* 196,058 -1,968 -6,285 -1,051 25,001
3.341 0.0 -0.7 3.0 -13.7 -82.8 177,416 454 867 1,998 40,832
3.265 -2.5 -10.8 -14.9 -21.7 -121.5 121,020 -199 2,477 331 17,152
3.406 -3.0 -13.7 -23.4 -21.1 -122.9 1,706,753 2,887 1,143 8,782 90,160
3.414 0.0 -0.7 2.4 -14.6 -95.3 58,563 93 -387 -2,436 -12,013
3.357 -2.5 -10.8 -15.3 -23.9 -137.3 *는 T-2일 기준, 펀드는 설정액 및 ETF 제외 기준
3.514 -3.0 -13.7 -23.4 -22.6 -133.8 **는 T-4일 기준
4.112 -0.5 -2.0 -2.8 -26.6 -110.9
4.237 -3.2 -13.0 -20.3 -31.5 -133.3 (십억원)
4.644 -3.0 -13.7 -23.4 -21.6 -115.1
4.829 -0.5 -2.0 -2.8 -27.1 -108.4 - 2028-12-20 - 3.83 120
5.030 -3.2 -13.0 -20.3 -31.5 -129.3 AA- 2025-02-20 3.538 3.5 100
5.328 -3.0 -13.7 -23.4 -21.6 -113.6 AA- 2025-01-17 3.424 3.76 90
5.401 -0.5 -2.0 -2.8 -26.6 -107.4 AA0 2030-03-07 3.216 3.2 80
5.670 -3.2 -12.5 -19.3 -30.5 -125.3 AAA 2027-11-27 - 3.07 70
5.969 -3.0 -13.7 -23.4 -21.6 -112.8 AAA 2029-11-27 - 3.1 70
3.238 -0.7 -2.2 2.3 -10.5 -88.6 A+ 2026-10-23 3.473 3.5 60
3.167 -3.2 -12.4 -18.2 -16.5 -98.5 AA0 2025-01-30 3.593 3.56 50
3.193 -3.0 -13.8 -23.8 -17.0 -105.3 AA0 2025-05-26 3.556 3.56 50
3.255 -0.6 -2.6 1.3 -11.5 -94.6 AA0 2027-01-29 3.288 3.27 50
3.243 -3.0 -11.8 -18.1 -17.1 -103.9 AA0 2024-12-06 3.633 3.41 50
3.280 -2.8 -13.1 -22.6 -17.2 -114.6 BBB+ 2026-11-27 - 4.65 42
3.279 -0.6 -2.8 1.5 -11.2 -96.4 AAA 2027-10-01 3.105 3.09 40
3.270 -3.1 -11.8 -18.5 -18.1 -105.2 AA0 2026-05-04 3.279 3.29 40
3.339 -2.8 -13.1 -22.8 -17.7 -115 AA0 2025-05-04 3.407 3.49 40
3.309 -0.5 -2.7 1.6 -11.1 -97 AA+ 2027-01-29 3.312 3.29 40
3.317 -3.1 -11.9 -18.6 -18.0 -107 A+ 2026-01-22 3.552 3.57 40
3.442 -2.8 -13.1 -22.7 -17.9 -115.8 - 2030-03-31 - 1.2 40
