14Nov. 2024
▪ 3Y 6990 2.870
▪ 3Y 5000 2.840
▪ 91d 3900 3.060
2Y 6000 2.890
1Y 6500 2.880
KR Market
KR Bond(%,bp) YTM 1D 1W 1M
CD91D 3.440 0.0 0.0 4.0
2.851 2.1 -0.5 -0.8 2000 3.180 3.161 AAA
2.978 3.2 -0.2 5.6 1700 3.130 3.120 AAA
2.942 4.2 -1.4 0.8 1000 3.120 3.203 AAA
2.985 4.5 -3.5 -1.0 3000 3.180 3.161 AAA
3.062 4.7 -7.5 -2.2 1000 3.221 3.203 AAA
2.986 2.2 -5.4 3.2 1300 3.210 3.185 AAA
KR Credit(%,bp) YTM 1D 1W 1M 3000 3.180 3.214 AAA
3.527 3.7 -2.8 1.5 2600 3.230 3.243 AAA
3.507 4.2 -1.2 0.5 1000 3.240 3.238 AAA
6.904 4.2 -1.9 -4.6 1600 3.480 3.300 AA+
KTB Futures(tick) 1D 1W
KTBF 3Y 105.82 -12.0 -5.0 (십억계약,%,년)
LKTBF 10Y 116.51 -41.0 32.0
KR Stock(%) Index 1D 1W 1M 26-11-13 3.18 250 2 .0 25-07-18 3.34 -250 0 .7
KOSPI 2417.08 -2.64 -5.71 -7.86 29-11-13 3.23 180 5 .0 25-10-02 2.86 -120 0 .9
26-11-13 3.18 120 2 .0 24-11-30 3.23 -90 0 .0
KOSDAQ 689.65 -2.94 -7.22 -10.47 27-05-13 3.13 120 2 .5 26-07-02 2.99 -80 1 .6
FX Market(%) Price 1D 1W 1M 25-11-09 2.88 110 1 .0 26-04-02 2.98 -70 1 .4
780 2 .6 -610 0 .8
1406.6 0.22 0.74 3.74
901.67 -1.68 -0.81 -0.82
26-04-02 2.98 150 1 .4 27-03-10 2.99 -30 2 .3
34-06-10 3.06 120 9 .6 72-09-10 2.71 -92 4 7.9
IRS(%) 1D(bp) CRS(%) 1D(bp) Spread(bp) 1D(bp) 33-12-10 3.09 70 9 .1 26-01-04 3.24 -20 1 .1
26-11-13 3.22 70 2 .0 25-10-10 3.35 -20 0 .9
1Y 3.170 2.500 1Y 2.93 4.5 31.9 0.4 29-11-13 3.21 70 5 .0 28-01-03 3.11 -10 3 .1
2Y 3.020 4.000 2Y 2.77 4.5 4.2 0.8 480 5 .2 -172 2 6.4
3Y 2.968 4.000 3Y 2.745 4.5 2.5 -0.2
5Y 2.938 3.750 5Y 2.725 4.5 -4.7 -0.7 25-11-13 3.49 160 1 .0 54-09-10 2.89 -59 2 9.8
25-11-13 3.24 100 1 .0 43-09-10 3.01 -40 1 8.8
10Y 2.965 3.750 10Y 2.765 3.5 -9.7 -1.0 24-11-30 3.32 90 0 .0 26-03-04 3.20 -30 1 .3
25-11-13 3.48 90 1 .0 26-12-07 3.18 -20 2 .1
27-11-12 3.32 65 3 .0 25-05-13 4.36 -20 0 .5
US Bond Market 505 1 .1 -169 1 5.4
US Bond(%,bp) YTM 1D 1W 1M
UST2Y 4.3 -5.4 2.2 33.0 28-06-10 3.01 287 3 .6 28-03-10 3.02 -97 3 .3
25-07-18 3.34 250 0 .7 28-03-10 3.00 -95 3 .3
UST5Y 4.3 -0.6 3.2 40.4 26-11-13 3.18 200 2 .0 24-12-10 3.06 -90.0 0 .1
UST10Y 4.5 2.4 1.8 35.2 27-03-10 2.98 106 2 .3 25-01-02 3.18 -60.0 0 .1
54-09-10 2.88 41 2 9.8 27-06-10 2.98 -49.1 2 .6
UST30Y 4.6 6.9 2.4 22.5 884 3 .5 -391 2 .0
KR Credit Market (계약수)
Bond Yield(%, bp) Yield 1D 1W 1M 3M 1Y
3.216 2.2 1.0 0.3 -3.0 -86.5 4669 363 1775 -6804 -597
3.193 4.3 -1.3 -0.5 8.4 -112.6 -4128 56 -2234 14468 -9488
3.231 4.6 -3.1 -1.9 11.7 -110
3.258 2.0 0.7 4.7 -3.2 -87.7 Fund Flow (십억원)
3.229 4.1 -1.9 0.4 5.5 -113.4 1D 1W 1M YTD
3.290 4.7 -3.6 -1.5 11.4 -117.2 MMF* 196920.6 572.7 -3694.6 8225.3 25863.1
3.360 2.0 -0.2 4.7 -4.3 -97.9 177187.8 238.1 175.4 5564.2 40604.6
3.431 3.7 -2.8 1.8 6.2 -139.6 120099.5 -616.4 119.1 -1101.2 16231.8
3.608 4.5 -3.5 -1.4 11.9 -134.2 1708397.3 49.7 7931.9 24882.2 91804.5
3.439 2.0 -0.2 3.7 -3.1 -109.8 59807 -773 -980.6 -2465 -10768
3.527 3.7 -2.8 1.5 4.4 -156 *는 T-2일 기준, 펀드는 설정액 및 ETF 제외 기준
3.716 4.5 -3.5 -1.6 10.4 -145.1 **는 T-4일 기준
4.150 1.5 -1.5 -1.5 -22.3 -118.6
4.434 3.7 -3.1 -2.2 -7.5 -142.3 (십억원)
4.846 4.5 -3.5 -1.6 8.6 -125.7
4.867 1.5 -1.5 -2.0 -22.8 -116.1 AA- 2027-11-12 - 3.68 65
5.227 3.7 -3.1 -2.2 -7.5 -138.3 AAA 2027-08-27 3.327 3.35 60
5.530 4.5 -3.5 -1.6 8.6 -124.2 AA0 2025-02-28 3.624 3.65 60
5.439 1.5 -1.5 -1.5 -22.3 -115.1 AA0 2025-05-09 3.481 3.53 60
5.862 3.7 -3.1 -1.7 -7.0 -134.8 LS130-1 A+ 2026-10-23 3.391 3.43 50
6.171 4.5 -3.5 -1.6 8.6 -123.4 AA0 2027-02-15 3.466 3.47 50
3.258 1.7 0.3 1.3 -1.5 -101.6 AA+ 2025-11-26 3.239 3.25 50
3.355 3.9 -1.0 -0.4 10.9 -108.9 AAA 2027-02-19 3.273 3.3 40
3.394 4.5 -3.3 -1.1 14.4 -114.5 AA- 2025-07-28 3.6 3.55 40
3.283 1.8 0.2 1.3 -0.8 -106.3 POSCO313-1 AA+ 2025-01-10 3.347 3.48 40
3.429 4.2 -1.1 0.5 12.3 -116.4 - 2027-06-20 - 4.75 40
3.477 4.5 -3.0 -0.8 15.0 -123.6 - 2029-06-20 - 4 40
3.309 2.0 0.4 1.7 -0.2 -107.9 AAA 2025-10-29 3.16 3.16 36
3.459 4.2 -1.2 0.5 11.5 -117.4 AAA 2027-10-29 3.218 3.26 30
3.537 4.5 -3.1 -0.9 14.5 -124.1 AA- 1999-12-31 4.157 4.21 30
3.338 2.0 0.4 1.7 -0.3 -108.7 A0 2026-11-13 - 3.7 25
3.507 4.2 -1.2 0.5 11.8 -119.1 2029-06-11 - 4.25 20
3.639 4.5 -3.2 -0.9 14.4 -124.8 A+ 2025-04-25 3.517 3.64 20
