4 Nov. 2024
▪ 5y 12000 2.995
▪ 91d 8000 3.010
▪ 20y 4000 3.025
0 0 0 0 0 0.000
0 0 0 0 0 0.000
KR Market
KR Bond(%,bp) YTM 1D 1W 1M
CD91D 3.430 0.0 3.0 -9.0
2.843 0.2 1.0 1.3 3000 3.150 3.147 AAA
2.950 0.0 6.9 14.0 3000 3.210 3.200 AAA
2.942 1.2 6.2 16.0 2200 3.280 3.375 AAA
2.997 1.2 4.7 15.5 1400 3.253 3.229 AAA
3.090 -0.5 3.0 15.5 1100 3.571 3.504 AA-
3.021 0.9 3.3 18.5 900 3.531 3.431 AA-
KR Credit(%,bp) YTM 1D 1W 1M 800 3.192 3.182 AAA
3.537 1.2 8.2 15.0 700 3.400 3.206 AAA
3.516 1.2 6.5 13.8 700 3.190 3.209 AAA
6.931 1.2 6.2 12.1 700 3.230 3.222 AAA
KTB Futures(tick) 1D 1W
KTBF 3Y 105.82 -3 -18 (십억계약,%,년)
LKTBF 10Y 116.23 0 -37
KR Stock(%) Index 1D 1W 1M
KOSPI 2542.36 -0.54 -1.58 -0.75
KOSDAQ 729.05 -1.89 0.23 -4.34
FX Market(%) Price 1D 1W 1M
1379.4 -0.04 -0.67 4.56
902.15 -0.15 -1.29 -1.66
IRS(%) 1D(bp) CRS(%) 1D(bp) Spread(bp) 1D(bp)
1Y 3.125 0.500 1Y 2.86 0 28.2 0.3
2Y 3.008 0.500 2Y 2.75 0.5 5.7 0.5
3Y 2.975 0.250 3Y 2.73 0.5 3.3 -1.0
5Y 2.965 0.250 5Y 2.71 0.5 -3.2 -1.0
10Y 2.998 0.000 10Y 2.765 0 -9.2 0.5
US Bond Market
US Bond(%,bp) YTM 1D 1W 1M
UST2Y 4.2 3.6 10.3 56.7
UST5Y 4.2 6.7 16.1 67.2
UST10Y 4.4 9.8 14.3 60.2
UST30Y 4.6 10.5 8.0 44.9
KR Credit Market (계약수)
Bond Yield(%, bp) Yield 1D 1W 1M 3M 1Y
3.187 0.5 1.9 0.3 -7.1 -91 1006 -144 348 -6498 4034
3.194 1.2 6.4 13.8 5.4 -128.6 12773 -50 1349 -5709 -9647
3.239 1.0 4.8 13.3 10.9 -126.3
3.233 0.2 3.3 4.2 -4.8 -90.7 Fund Flow (십억원)
3.234 1.2 6.2 15.0 3.5 -128.2 1D 1W 1M YTD
3.306 1.2 5.2 14.6 10.1 -132.1 MMF* 193680.5 -4094.3 -5128.8 14793.4 22623
3.334 0.0 3.3 3.3 -8.9 -99.5 175865.5 123.8 1654.4 4994 39282.3
3.441 1.2 8.2 15.8 6.7 -150.7 120292.1 -916.1 -138.7 1258.1 16424.4
3.620 1.0 4.5 14.3 11.1 -148 1697180.4 3150.1 214.3 14168.2 80587.6
3.413 0.0 3.3 2.3 -6.2 -109.9 61132.5 -11.6 113.1 -1281 -9442.9
3.537 1.2 8.2 15.0 6.9 -166.8 *는 T-2일 기준, 펀드는 설정액 및 ETF 제외 기준
3.728 1.0 4.5 13.8 9.6 -157.9 **는 T-4일 기준
4.145 0.0 1.5 -0.8 -27.3 -116.6
4.450 1.2 6.2 11.9 -7.9 -152.5 (십억원)
4.858 1.0 4.5 13.8 5.3 -137.5
4.862 0.0 1.5 -1.3 -27.8 -114.1 AA- 2027-11-01 - 3.57 120
5.243 1.2 6.2 11.9 -7.9 -148.5 AA- 2026-10-30 - 3.53 90
5.542 1.0 4.5 13.8 5.3 -136 AA- 2027-07-23 3.387 3.39 80
5.434 0.0 1.5 -0.8 -27.3 -113.1 AA- 2027-10-08 3.382 3.37 80
5.878 1.2 6.7 12.4 -7.4 -145 AA0 2031-05-13 3.831 3.58 60
6.183 1.0 4.5 13.8 5.3 -135.2 2024-12-20 3.481 4.18 50
3.233 0.4 2.5 1.2 -9.3 -101.5 2029-09-10 - 0.67 41
3.353 1.1 5.2 12.4 7.7 -121.6 AA0 2025-02-28 3.652 3.6 40
3.408 0.7 4.2 14.5 13.2 -129.1 AA- 2025-02-23 3.52 3.58 40
3.258 0.3 2.8 1.6 -9.0 -106.5 AA+ 2026-01-30 3.328 3.36 30
3.437 1.2 6.5 14.0 11.9 -128 AA0 2027-01-30 3.44 3.45 30
3.488 1.2 4.7 14.4 14.2 -138.4 AAA 2024-11-28 3.4 3.37 30
3.282 0.3 3.0 1.7 -8.7 -108.5 AA+ 2026-03-04 3.343 3.35 20
3.468 1.2 6.5 13.8 11.5 -128.9 AAA 2030-09-09 3.502 3.45 20
3.549 1.2 4.7 14.2 13.9 -138.7 AAA 2028-06-27 3.316 3.31 20
3.312 0.4 3.0 1.8 -8.6 -109.1 AAA 2029-05-23 3.284 3.31 10
3.516 1.2 6.5 13.8 12.0 -130.6 AA- 2027-10-04 3.327 3.29 10
3.651 1.2 4.7 14.0 13.7 -139.5 AA0 2027-10-29 3.408 3.38 10
27-05-0125-05-0126-06-1026-05-0134-06-10
34-06-1026-04-0227-11-0129-10-3126-07-02
26-05-0129-03-1025-11-0127-06-1027-11-01
27-03-0325-06-1525-06-1026-09-1025-06-10
3.153.342.963.193.09
3.093.003.233.193.01
3.213.023.402.943.57
2.983.312.942.982.94
290140907064654
11760606050347
13070706760397
110100595040359
2.5
0.5
1.6
1.5
9.6
2.5
9.6
1.4
3.0
5.0
1.7
5.1
1.5
4.4
1.0
2.6
3.0
2.3
2.3
0.6
0.6
1.9
0.6
1.3
25-06-1525-06-1027-01-2532-12-1028-09-10
25-07-0231-05-1327-12-1027-03-1026-06-10
54-03-1026-12-1027-01-2226-09-1024-12-20
27-09-1044-12-1037-09-1043-09-1028-03-10
3.312.963.433.113.00
2.843.582.992.982.97
2.932.963.372.984.18
2.973.053.093.032.99
-100-40-30-20-20-210
-40-40-30-20-12-142
-37-30-30-30-25-152
-40-20-20-12-9-101
0.6
0.6
2.2
8.1
3.9
1.9
0.7
6.5
3.1
2.3
1.6
3.1
29.4
2.1
2.2
1.9
0.1
8.4
2.9
20.1
12.9
18.9
3.4
10.2
