26 Nov. 2024
▪ 5Y 9,000 2.815
▪ 91d 8,000 3.040
▪ 0 0 0 0 0 0.000
0 0 0 0 0 0.000
0 0 0 0 0 0.000
KR Market
KR Bond(%,bp) YTM 1D 1W 1M
CD91D 3.440 0.0 0.0 4.0
2.818 -0.5 -3.3 -1.5 8,000 3.040 3.058
2.843 -3.8 -11.7 -3.8 7,000 4.100 3.289 AA+
2.771 -4.6 -14.4 -10.9 2,800 3.260 3.344 AAA
2.819 -5.8 -14.6 -13.1 2,500 3.130 3.228 AAA
2.920 -6.0 -14.0 -14.0 1,100 - 3.080 AAA
2.874 -3.6 -12.5 -11.4 800 3.194 3.121 AAA
KR Credit(%,bp) YTM 1D 1W 1M 800 3.312 3.389 AA-
3.377 -4.0 -12.3 -7.8 714 3.196 3.139 AAA
3.347 -3.9 -12.8 -10.4 600 5.134 - -
6.732 -4.4 -14.2 -13.7 600 3.276 3.264 AA+
KTB Futures(tick) 1D 1W
KTBF 3Y 106.3 14.0 35.0 (십억계약,%,년)
LKTBF 10Y 117.9 57.0 111.0
KR Stock(%) Index 1D 1W 1M
KOSPI 2,534.3 1.32 2.64 -1.89
KOSDAQ 696.8 2.93 1.06 -4.20
FX Market(%) Price 1D 1W 1M
1,402.2 0.03 0.50 0.97
904.5 -0.74 0.49 -1.04
IRS(%) 1D(bp) CRS(%) 1D(bp) Spread(bp) 1D(bp)
1Y 3.005 -4.0 1Y 2.850 -2 18.7 -3.5
2Y 2.870 -3.5 2Y 2.700 -2.5 2.7 0.3
3Y 2.813 -3.8 3Y 2.685 -3.5 4.2 0.9
5Y 2.793 -4.3 5Y 2.650 -2 -2.7 1.5
10Y 2.825 -4.7 10Y 2.680 -2 -9.5 1.3
US Bond Market
US Bond(%,bp) YTM 1D 1W 1M
UST2Y 4.305 -7.4 2.3 19.8
UST5Y 4.199 -9.8 -7.9 13.3
UST10Y 4.296 -10.9 -12.0 5.4
UST30Y 4.483 -10.6 -12.8 -1.8
KR Credit Market (계약수)
Bond Yield(%, bp) Yield 1D 1W 1M 3M 1Y
3.201 -0.3 -2.6 3.3 -9.6 -79.4 -1,670 -653 -771 9,330 -6,090
3.044 -4.2 -12.8 -8.6 -13.4 -96.9 -8,827 -3,983 -3,411 52,466 -34,516
3.080 -4.9 -13.2 -11.1 -12.6 -96.9
3.228 -0.4 -3.2 2.8 -12.3 -81.8 Fund Flow (십억원)
3.065 -4.1 -13.6 -10.7 -16.1 -107.7 1D 1W 1M YTD
3.127 -5.6 -14.3 -12.7 -13.7 -114.7 MMF* 199,121 -1,056 -2,561 -827 28,063
3.341 0.0 -2.4 4.0 -13.7 -85.8 176,951 -158 211 4,304 40,367
3.285 -4.0 -12.1 -7.4 -17.7 -126 120,368 938 1,915 -988 16,500
3.443 -5.7 -14.5 -13.2 -15.9 -127.2 1,703,697 3,134 -4,304 10,110 87,104
3.414 0.0 -2.7 3.4 -13.6 -98.3 58,507 -125 -530 -2,273 -12,069
3.377 -4.0 -12.3 -7.8 -19.9 -141.8 *는 T-2일 기준, 펀드는 설정액 및 ETF 제외 기준
3.551 -5.7 -14.5 -13.2 -17.4 -138.1 **는 T-4일 기준
4.117 -0.5 -3.5 -1.3 -28.1 -113.4
4.264 -4.5 -14.3 -12.4 -28.8 -135.6 (십억원)
4.681 -5.7 -14.5 -13.2 -17.2 -118.9
4.834 -0.5 -3.5 -1.3 -28.6 -110.9 - 2026-05-28 - 4.1 402
5.057 -4.5 -14.3 -12.4 -28.8 -131.6 AAA 2026-11-25 - 3.16 60
5.365 -5.7 -14.5 -13.2 -17.2 -117.4 AA+ 2025-02-27 3.71 3.7 60
5.406 -0.5 -3.5 -1.3 -28.1 -109.9 AA- 2027-02-26 3.215 3.24 40
5.692 -4.5 -14.3 -11.9 -28.3 -128.1 AA0 2026-05-08 3.364 3.35 30
6.006 -5.7 -14.5 -13.2 -17.2 -116.6 AA- 2030-02-26 3.333 3.3 30
3.245 -0.5 -2.1 3.7 -9.5 -91.6 AA+ 2025-05-31 3.418 3.43 30
3.198 -4.2 -13.2 -10.3 -11.7 -99.7 AA0 2027-01-15 3.21 3.23 30
3.232 -5.6 -14.4 -13.4 -12.0 -107.4 AAA 2027-10-01 3.149 3.15 30
3.261 -0.5 -2.9 3.1 -10.6 -97.7 AA0 2025-07-25 3.585 3.6 30
3.274 -3.9 -12.4 -9.8 -11.7 -105.2 - 2028-07-06 - 3.9 30
3.314 -5.4 -14.0 -12.7 -11.6 -117.1 AA0 2029-09-26 3.43 3.4 20
3.287 -0.5 -2.8 3.5 -10.0 -99.3 AA- 2025-01-26 3.556 3.75 20
3.300 -3.9 -12.7 -10.3 -12.9 -106.6 AAA 2025-05-08 3.418 3.42 20
3.373 -5.4 -14.0 -12.9 -12.1 -117.5 AA+ 2026-02-13 3.304 3.28 20
3.316 -0.5 -2.9 3.4 -10.1 -100 AA0 2027-01-15 3.397 3.38 20
3.347 -3.9 -12.8 -10.4 -12.7 -108.4 AA+ 2027-01-25 3.384 3.34 20
3.476 -5.4 -14.0 -12.8 -12.2 -118.3 - 2027-07-09 - 5.3 20
25-02-2526-11-2525-07-2526-11-2527-11-25
26-11-2527-11-2528-11-2543-09-1029-11-25
28-11-2526-11-2527-05-2527-05-2526-11-25
25-02-2525-08-2229-03-1052-09-1028-03-10
3.063.093.333.093.15
3.193.153.182.893.26
3.183.193.803.313.47
3.063.312.862.832.89
470300140100701,080
14060494030319
17190704040411
15060401710277
0.3
2.0
0.7
2.0
3.0
1.1
2.0
3.0
4.0
18.8
5.0
4.9
4.0
2.0
2.5
2.5
2.0
3.0
0.3
0.7
4.3
27.8
3.3
2.7
34-06-1029-03-1026-12-1033-12-1032-12-10
25-12-1026-10-0225-12-1027-06-1030-12-10
34-06-1027-06-1026-12-1029-09-1024-12-30
25-06-1032-12-1028-09-1034-06-1032-06-10
2.932.882.842.952.96
2.862.862.862.782.98
2.932.792.832.843.34
2.942.962.852.972.96
-96-60-50-40-30-276
-100-77-70-47-40-334
-132-66-35-31-30-294
-100-10000-111
9.5
4.3
2.0
9.0
8.0
6.8
1.0
1.9
1.0
2.5
6.0
2.0
9.5
2.5
2.0
4.8
0.1
5.6
0.5
8.0
3.8
9.5
7.5
1.3
