21 Nov. 2024
▪ 10Y 7,000 3.040
▪ 10Y 5,000 3.025
▪ 91d 6,600 3.050
3Y 12,000 2.950
0 0 0 0 0 0.000
KR Market
KR Bond(%,bp) YTM 1D 1W 1M
CD91D 3.440 0.0 0.0 5.0
2.835 -0.6 -1.6 -1.0 3,100 3.150 3.155 AAA
2.928 -1.2 -5.0 3.1 2,200 3.170 3.170 AAA
2.875 -1.2 -6.7 -3.0 1,500 3.100 3.106 AAA
2.920 -1.5 -6.5 -4.5 1,300 3.207 3.182 AAA
3.013 -2.2 -4.9 -4.4 1,100 3.120 3.215 AAA
2.960 -2.3 -2.6 -1.8 1,000 - -
KR Credit(%,bp) YTM 1D 1W 1M 800 3.191 3.202 AAA
3.465 -1.2 -6.2 -1.4 800 3.097 3.182 AAA
3.436 -1.2 -7.1 -4.0 411 3.050 - AAA
6.834 -1.2 -7.0 -8.3 400 3.177 3.221 AAA
KTB Futures(tick) 1D 1W
KTBF 3Y 106.0 5.0 17.0 (십억계약,%,년)
LKTBF 10Y 117.0 21.0 59.0
KR Stock(%) Index 1D 1W 1M
KOSPI 2,482.3 0.42 2.70 -4.71
KOSDAQ 682.9 -0.47 -0.98 -10.14
FX Market(%) Price 1D 1W 1M
1,390.9 0.00 -1.12 1.14
900.0 -0.78 -0.18 -2.13
IRS(%) 1D(bp) CRS(%) 1D(bp) Spread(bp) 1D(bp)
1Y 3.105 -2.3 1Y 2.890 1.5 27.0 -1.6
2Y 2.953 -2.3 2Y 2.765 0.5 2.5 -1.1
3Y 2.898 -2.3 3Y 2.755 -0.5 2.3 -1.1
5Y 2.875 -2.7 5Y 2.675 -2.5 -4.5 -1.2
10Y 2.903 -2.8 10Y 2.705 -3.5 -11.1 -0.6
US Bond Market
US Bond(%,bp) YTM 1D 1W 1M
UST2Y 4.293 0.8 0.3 25.9
UST5Y 4.273 0.9 -3.5 28.5
UST10Y 4.414 1.3 -4.0 21.6
UST30Y 4.605 2.1 -3.3 10.5
KR Credit Market (계약수)
Bond Yield(%, bp) Yield 1D 1W 1M 3M 1Y
3.211 -0.5 -0.5 3.2 -5.1 -77.9 -1,810 -809 -845 7,670 -3,496
3.134 -1.2 -5.9 -2.4 -0.7 -87.5 3,335 -1,685 -1,092 16,157 -14,935
3.167 -1.5 -6.4 -4.6 1.6 -87
3.249 -0.1 -0.9 6.0 -7.5 -78.2 Fund Flow (십억원)
3.162 -1.2 -6.7 -3.2 -3.1 -94.8 1D 1W 1M YTD
3.226 -1.4 -6.4 -4.6 1.6 -100.1 MMF* 202,343 -144 5,422 3,753 31,286
3.348 -0.7 -1.2 5.5 -8.5 -85.1 176,549 -21 -639 4,047 39,966
3.373 -1.0 -5.8 -0.8 -4.4 -116.2 118,543 64 -1,557 -2,638 14,675
3.543 -1.5 -6.5 -4.7 0.6 -113.2 1,705,610 -3,776 -2,787 15,034 89,017
3.421 -1.0 -1.8 4.4 -8.4 -97.6 58,950 210 -857 -2,490 -11,626
3.465 -1.2 -6.2 -1.4 -6.6 -133 *는 T-2일 기준, 펀드는 설정액 및 ETF 제외 기준
3.651 -1.5 -6.5 -4.7 -0.9 -124.1 **는 T-4일 기준
4.132 -1.0 -1.8 -0.8 -25.1 -111.4
4.367 -1.2 -6.7 -5.1 -17.0 -124.3 (십억원)
4.781 -1.5 -6.5 -4.7 -1.7 -104.9
4.849 -1.0 -1.8 -1.3 -25.6 -108.9 AA+ 2025-10-23 3.351 3.42 180
5.160 -1.2 -6.7 -5.1 -17.0 -120.3 AA0 2026-04-28 3.599 4.3 140
5.465 -1.5 -6.5 -4.7 -1.7 -103.4 - 2030-07-26 - 3.25 140
5.421 -1.0 -1.8 -0.8 -25.1 -107.9 AA- 2025-02-25 3.646 3.57 100
5.795 -1.2 -6.7 -4.6 -16.5 -116.8 - 2031-06-10 - 4.15 100
6.106 -1.5 -6.5 -4.7 -1.7 -102.6 AA0 2026-04-28 3.599 4.01 100
3.260 -0.3 0.2 3.8 -5.3 -88.5 - 2029-09-10 - 3.84 78
3.291 -1.2 -6.4 -4.1 1.5 -88.1 CJ ENM20-2 AA- 2025-06-18 3.452 3.49 60
3.331 -1.5 -6.3 -5.2 3.5 -94 AA0 2025-01-20 3.417 3.5 60
3.281 -0.2 -0.2 3.9 -5.2 -94.5 AA- 2026-04-29 3.578 3.56 60
3.361 -1.2 -6.8 -3.6 2.0 -95.5 - 2026-12-21 - 4.2 60
3.411 -1.5 -6.6 -4.5 3.4 -103.9 AA+ 2025-04-08 3.496 3.52 50
3.307 -0.2 -0.2 4.3 -4.7 -96.1 - 2025-04-18 - 3.86 50
3.388 -1.2 -7.1 -4.0 0.9 -96.8 AAA 2024-12-18 3.388 3.36 45
3.470 -1.5 -6.7 -4.7 2.9 -104.3 AAA 2025-10-31 3.31 3.32 40
3.336 -0.2 -0.2 4.3 -4.7 -96.8 AA0 2025-07-25 3.593 3.56 40
3.436 -1.2 -7.1 -4.0 1.2 -98.5 AA+ 2026-02-06 3.33 3.33 40
3.573 -1.5 -6.6 -4.6 2.8 -105.1 AA- 2026-04-16 3.465 3.5 40
26-11-2027-05-2026-05-2029-11-2053-03-10
29-11-2027-08-2654-09-1034-11-2030-12-10
26-05-2025-03-0726-11-2029-11-2025-10-23
27-09-0353-03-1025-02-1854-09-1025-11-09
3.153.103.173.212.90
3.213.342.893.163.05
3.173.463.193.103.42
2.952.903.082.882.85
260130705038548
11030282017205
12090605030350
4031202015126
2.0
2.5
1.5
5.0
28.3
4.2
5.0
2.8
29.8
10.0
6.1
8.6
1.5
0.3
2.0
5.0
0.9
1.7
2.8
28.3
0.2
29.8
1.0
12.7
28-03-1024-12-2426-12-1029-03-1033-06-10
25-03-1025-10-0226-03-1028-03-1028-06-10
26-06-1025-05-2226-01-2329-03-1025-07-08
28-03-1028-09-1026-03-1033-12-1051-03-10
2.943.112.922.963.06
2.862.832.892.972.95
2.923.403.212.963.37
2.952.962.913.062.01
-180-65-60-60-50-415
-50-40-40-30-30-190
-180-70-70-68-40-428
-243-104-72.0-21.1-20.0-461
3.3
0.1
2.1
4.3
8.6
3.4
0.3
0.9
1.3
3.3
3.6
1.6
1.6
0.5
1.2
4.3
0.6
1.7
3.3
3.8
1.3
9.1
26.3
4.4
