01 Nov. 2024
▪ 5y 12000 2.995
▪ 91d 8000 3.010
▪ 20y 4000 3.025
0 0 0 0 0 0.000
0 0 0 0 0 0.000
KR Market
KR Bond(%,bp) YTM 1D 1W 1M
CD91D 3.430 0.0 3.0 -10.0
2.841 0.0 0.0 -0.4 13636 1.300 3.195 AAA
2.950 0.0 7.0 10.0 548 2.500 3.422 AAA
2.930 -0.5 4.0 12.5 175 2.500 3.249 -
2.985 -1.5 3.2 10.0 53 2.500 3.249 AA+
3.095 -0.7 2.5 10.3 95 2.500 3.249 AA+
3.012 -1.5 1.7 10.1 67 2.500 3.249 AA+
KR Credit(%,bp) YTM 1D 1W 1M 34 2.500 3.249 AA+
3.525 0.0 6.0 11.5 56 2.500 3.249 AA+
3.504 -0.7 4.5 10.8 29 2.500 3.249 AA+
6.919 -0.5 2.0 8.6 22 2.500 3.249 AA+
KTB Futures(tick) 1D 1W
KTBF 3Y 105.85 1 -15 (십억계약,%,년)
LKTBF 10Y 116.23 6 -37
KR Stock(%) Index 1D 1W 1M
KOSPI 2556.15 -1.45 -0.96 -1.43
KOSDAQ 743.06 0.66 1.15 -2.73
FX Market(%) Price 1D 1W 1M
1379.9 -0.18 -0.02 5.51
903.54 0.25 -0.72 -2.24
IRS(%) 1D(bp) CRS(%) 1D(bp) Spread(bp) 1D(bp)
1Y 3.120 0.000 1Y 2.86 2.5 27.9 0.0
2Y 3.003 -0.250 2Y 2.745 -0.5 5.2 -0.2
3Y 2.973 0.250 3Y 2.725 -1.5 4.3 0.7
5Y 2.963 -0.250 5Y 2.705 -1.5 -2.3 1.3
10Y 2.998 -0.500 10Y 2.765 -2 -9.8 0.2
US Bond Market
US Bond(%,bp) YTM 1D 1W 1M
UST2Y 4.2 -0.4 9.3 56.8
UST5Y 4.2 -0.8 12.5 65.0
UST10Y 4.3 -1.4 7.3 55.4
UST30Y 4.5 -2.8 0.0 40.3
KR Credit Market (계약수)
Bond Yield(%, bp) Yield 1D 1W 1M 3M 1Y
3.182 0.3 0.8 -1.5 -7.6 -91.8 2925 6 1439 -2160 -2191
3.182 -0.3 4.4 10.4 4.2 -137.7 11123 207 -484 6380 -16756
3.229 -1.1 3.3 8.0 9.9 -137.7
3.231 0.5 3.1 2.6 -5.0 -91.5 Fund Flow (십억원)
3.222 -0.5 4.1 11.8 2.3 -137.6 1D 1W 1M YTD
3.294 -1.2 3.7 9.1 8.9 -143.9 MMF* 197774.8 1376.7 -2173.1 21617.6 26717.3
3.334 0.8 2.8 2.8 -8.9 -100 175741.7 209.6 3095.1 5437.7 39158.5
3.429 0.0 6.0 12.3 5.5 -159.9 121208.2 -201.2 -147.8 2208.3 17340.5
3.610 -1.5 3.3 9.5 10.1 -159.8 1694030.3 -663.9 443.3 11018.1 77437.5
3.413 0.8 2.8 1.8 -6.2 -109.9 61144.1 -95.5 364.1 -1269.4 -9431.3
3.525 0.0 6.0 11.5 5.7 -176 *는 T-2일 기준, 펀드는 설정액 및 ETF 제외 기준
3.718 -1.5 3.3 9.0 8.6 -169.7 **는 T-4일 기준
4.145 0.0 0.5 -1.3 -27.3 -116.6
4.438 0.0 3.7 8.4 -9.1 -161.7 (십억원)
4.848 -1.5 3.3 9.0 4.3 -149.3
4.862 0.0 0.5 -1.8 -27.8 -114.1 AAA 2025-11-23 3.165 3.21 150
5.231 0.0 3.7 8.4 -9.1 -157.7 AA- 2027-05-07 3.728 3.76 150
5.532 -1.5 3.3 9.0 4.3 -147.8 AAA 2027-10-01 3.242 3.31 60
5.434 0.0 0.5 -1.3 -27.3 -113.1 AA0 2025-01-27 3.388 3.55 60
5.866 0.0 4.2 8.9 -8.6 -154.2 KT194-2 AAA 2026-01-27 3.15 3.03 50
6.173 -1.5 3.3 9.0 4.3 -147 AAA 2025-10-28 3.179 3.13 43
3.229 0.6 0.9 -0.2 -9.7 -102.4 AAA 2029-07-22 3.3 3.32 40
3.342 -1.0 2.8 9.1 6.6 -130.4 AA0 2027-01-30 3.439 3.46 40
3.401 -1.6 3.2 9.5 12.5 -140.7 AAA 2027-04-29 3.237 3.26 40
3.255 0.3 2.0 -0.1 -9.3 -107.3 - 2028-06-20 - 3.97 40
3.425 -0.7 4.5 10.9 10.7 -137.2 - 2028-06-27 - 3.55 40
3.476 -1.5 3.2 9.1 13.0 -150.4 AA+ 2025-09-28 3.316 3.34 30
3.279 0.5 2.2 0.1 -9.0 -109.3 A0 2025-02-28 3.604 3.69 30
3.456 -0.7 4.5 10.8 10.3 -138.1 AAA 2026-10-31 - 3.3 30
3.537 -1.5 3.2 8.7 12.7 -150.8 AA0 2027-10-29 3.402 3.4 30
3.308 0.5 2.1 0.1 -9.0 -110 AAA 2027-03-30 3.421 3.42 30
3.504 -0.7 4.5 10.8 10.8 -139.8 AAA 2028-04-21 3.269 3.3 30
3.639 -1.6 3.2 8.5 12.5 -151.5 SKC145-1 A+ 2026-10-29 3.996 3.98 22
26-10-0229-03-1029-09-1025-07-3125-09-10
34-06-1034-10-3126-07-0233-12-1044-09-10
25-10-3126-10-3126-10-3134-06-1025-07-31
34-06-1029-03-1054-03-1033-12-1032-06-10
2.983.053.013.272.86
3.123.223.033.143.04
3.403.223.173.113.27
3.113.042.963.143.13
23017011011099719
9360504030273
14090805140401
8888726663377
1.9
4.4
4.9
0.7
0.9
2.6
9.6
10.0
1.7
9.1
19.9
9.3
1.0
2.0
2.0
9.6
0.7
2.5
9.6
4.4
29.4
9.1
7.6
11.7
25-10-0230-12-1025-11-2326-03-1126-10-17
25-09-1025-07-0240-09-1050-03-1072-09-10
26-06-1026-07-0227-06-1054-03-1027-05-07
25-06-1030-12-1031-06-1029-06-1033-12-10
2.843.133.213.203.19
2.872.853.092.932.88
2.993.012.942.963.76
2.993.133.133.093.12
-70-50-30-30-20-200
-50-20-20-20-10-120
-30-30-22-20-20-122
-72-59-30.0-14.7-10.1-186
0.9
6.1
1.1
1.4
2.0
2.4
0.9
0.7
15.9
25.4
47.9
11.3
1.6
1.7
2.6
29.4
2.5
6.5
0.6
6.1
6.6
4.6
9.1
4.1
