5 Dec. 2024
▪ 30Y 3,000 2.545
▪ 91d 5,000 2.930
▪ 2Y 18,000 2.690
0 0 0 0 0 0.000
0 0 0 0 0 0.000
KR Market
KR Bond(%,bp) YTM 1D 1W 1M
CD91D 3.280 0.0 -16.0 -15.0
2.702 1.0 -10.5 -14.1 3,000 2.980 2.998 AAA
2.698 4.0 -11.9 -25.7 2,400 2.980 2.998 AAA
2.625 4.0 -11.5 -30.7 2,000 2.860 2.998 AAA
2.642 4.2 -13.8 -35.0 1,400 2.875 - AAA
2.765 5.3 -11.6 -33.0 1,300 3.063 - AA
2.675 3.0 -15.5 -35.5 1,200 2.858 2.878 AAA
KR Credit(%,bp) YTM 1D 1W 1M 1,150 3.062 - AA
3.252 4.0 -10.5 -27.5 1,000 3.034 3.063 AA+
3.221 4.0 -9.6 -28.0 1,000 3.044 3.037 AA+
6.584 4.0 -11.7 -33.5 1,000 3.091 - AA
KTB Futures(tick) 1D 1W
KTBF 3Y 106.8 -12.0 5.0 (십억계약,%,년)
LKTBF 10Y 119.3 -54.0 13.0
KR Stock(%) Index 1D 1W 1M
KOSPI 2,464.0 -1.44 -1.56 -4.83
KOSDAQ 677.2 -1.98 -2.15 -10.20
FX Market(%) Price 1D 1W 1M
1,410.1 0.51 0.94 2.86
940.3 -0.92 2.26 4.01
IRS(%) 1D(bp) CRS(%) 1D(bp) Spread(bp) 1D(bp)
1Y 2.818 -0.5 1Y 2.620 -3.5 11.6 -1.5
2Y 2.660 1.8 2Y 2.415 -3 -3.8 -2.3
3Y 2.600 1.8 3Y 2.385 -3 -2.5 -2.3
5Y 2.590 3.5 5Y 2.360 -3 -5.2 -0.7
10Y 2.623 4.3 10Y 2.390 -3 -14.3 -1.1
US Bond Market
US Bond(%,bp) YTM 1D 1W 1M
UST2Y 4.127 -5.2 -10.0 -13.4
UST5Y 4.069 -4.2 -6.6 -20.5
UST10Y 4.183 -4.1 -8.0 -24.8
UST30Y 4.348 -5.3 -9.0 -26.1
KR Credit Market (계약수)
Bond Yield(%, bp) Yield 1D 1W 1M 3M 1Y
3.010 0.8 -18.3 -17.9 -29.0 -86.1 2,248 486 -286 6,612 -9,488
2.892 4.0 -12.6 -29.2 -28.7 -91.9 6,913 -1,597 -5,443 37,483 -39,924
2.920 4.2 -13.0 -31.4 -27.5 -91.3
3.000 0.2 -21.8 -23.7 -32.7 -91.1 Fund Flow (십억원)
2.918 4.0 -12.0 -30.6 -29.1 -102 1D 1W 1M YTD
2.956 4.0 -14.0 -34.4 -29.5 -111.3 MMF* 202,140 4,200 6,082 7,984 31,083
3.206 1.0 -13.5 -13.3 -24.7 -83.1 178,388 475 973 2,335 41,805
3.160 4.0 -10.5 -27.1 -30.9 -107.2 122,033 992 1,014 2,635 18,166
3.278 4.2 -12.8 -33.7 -31.4 -115.7 1,712,024 3,499 5,271 10,780 95,431
3.279 1.0 -13.5 -13.9 -26.1 -93.8 60,027 82 1,465 -925 -10,548
3.252 4.0 -10.5 -27.5 -33.1 -121 *는 T-2일 기준, 펀드는 설정액 및 ETF 제외 기준
3.386 4.2 -12.8 -33.7 -32.4 -125.6 **는 T-4일 기준
3.972 1.0 -14.0 -17.3 -34.6 -109.9
4.127 4.0 -11.0 -31.3 -39.5 -121 (십억원)
4.506 4.2 -13.8 -34.7 -32.9 -109.4
4.689 1.0 -14.0 -17.3 -35.1 -107.4 AAA 2027-02-19 2.982 3 80
4.920 4.0 -11.0 -31.3 -39.5 -117 AAA 2026-02-20 3.053 3.07 60
5.190 4.2 -13.8 -34.7 -32.9 -107.9 AAA 2027-06-16 3.017 2.99 50
5.261 1.0 -14.0 -17.3 -34.6 -106.4 AA- 2026-02-25 4.068 4.04 50
5.560 4.0 -11.0 -30.8 -38.5 -113 AA 2027-12-03 - 3.06 40
5.831 4.2 -13.8 -34.7 -32.9 -107.1 AAA 2027-01-13 2.984 3.01 40
3.136 0.7 -10.2 -10.3 -17.7 -84.8 AA- 2054-09-24 4.66 4.67 32
3.060 4.0 -10.7 -28.3 -26.2 -90.8 AAA 2026-01-31 2.997 3.03 30
3.062 4.1 -13.1 -33.7 -28.7 -101.3 AAA 2024-12-25 3.333 3.75 30
3.154 0.9 -10.1 -10.7 -19.1 -90.1 AAA 2026-11-20 2.98 2.99 30
3.145 4.0 -9.8 -27.7 -25.5 -93.6 AAA 2026-06-02 3.005 3.01 20
3.157 4.2 -12.3 -32.2 -27.9 -109 AA0 2029-05-09 3.005 3.05 20
3.178 0.9 -10.1 -10.7 -18.7 -91.7 AA 2029-12-04 - 3.04 20
3.173 4.1 -9.7 -28.0 -26.4 -94.8 AA- 2099-12-31 4.637 4.85 10
3.216 4.2 -12.3 -32.4 -28.4 -109.3 AAA 2026-05-22 2.992 3 10
3.207 0.8 -10.2 -10.7 -18.8 -92.5 - 2029-10-17 - 0 10
3.221 4.0 -9.6 -28.0 -26.3 -96.5 - 2029-12-20 - 4.96 10
3.319 4.2 -12.3 -32.4 -28.5 -110.2 - 2054-06-27 - 6.42 10
26-10-0225-12-0429-12-0453-03-1026-01-02
26-07-0227-12-0429-12-0434-06-1026-10-02
27-12-0326-12-0425-12-0426-10-0225-12-04
28-03-1029-06-1053-03-1026-07-0252-03-10
2.702.942.862.622.74
2.722.883.042.762.70
3.033.092.982.682.98
2.642.662.622.702.57
19017012010050630
1101101007465459
4540403530190
16268505050380
1.8
1.0
5.0
28.3
1.1
6.3
1.6
3.0
5.0
9.5
1.8
4.0
3.0
2.0
1.0
1.8
1.0
1.8
3.3
4.5
28.3
1.6
27.3
9.7
26-01-0426-01-0430-06-1028-03-1026-07-02
48-03-1029-06-1044-12-1025-01-2925-07-27
26-12-1027-06-1026-03-1029-09-1026-07-02
31-12-1033-12-1026-06-1032-06-1044-12-10
3.013.012.742.722.73
2.652.722.703.353.18
2.632.632.802.622.73
2.772.762.702.792.68
-50-50-51-30-20-201
-30-25-20-11-10-96
-40-32-30-27-25-154
-57-41-38-16-10-162
1.1
1.1
5.5
3.3
1.6
2.6
23.3
4.5
20.0
0.2
0.6
12.8
2.0
2.5
1.3
4.8
1.6
2.4
7.0
9.0
1.5
7.5
20.0
7.1
