6 Dec. 2024
▪ 30Y 3,000 2.545
▪ 91d 5,000 2.930
▪ 2Y 18,000 2.690
0 0 0 0 0 0.000
0 0 0 0 0 0.000
KR Market
KR Bond(%,bp) YTM 1D 1W 1M
CD91D 3.280 0.0 -1.0 -16.0
2.702 0.0 0.0 -13.8 3,300 2.860 2.960 AAA
2.672 -2.6 -5.2 -27.0 3,200 2.870 2.897 AAA
2.600 -2.5 -4.0 -31.7 2,200 2.870 2.897 AAA
2.615 -2.7 -7.1 -35.7 1,900 2.895 2.839 AAA
2.735 -3.0 -5.0 -34.0 1,800 2.900 2.928 AAA
2.654 -2.1 -9.0 -35.0 1,700 2.930 - AAA
KR Credit(%,bp) YTM 1D 1W 1M 1,300 4.950 5.555 A+
3.229 -2.3 -4.3 -28.6 1,100 2.860 2.960 AAA
3.195 -2.6 -3.6 -28.8 1,100 3.054 - AA
6.558 -2.6 -4.5 -34.6 1,000 3.074 - AA
KTB Futures(tick) 1D 1W
KTBF 3Y 106.8 8.0 5.0 (십억계약,%,년)
LKTBF 10Y 119.7 38.0 36.0
KR Stock(%) Index 1D 1W 1M
KOSPI 2,441.9 -0.90 -2.51 -5.24
KOSDAQ 670.9 -0.92 -3.38 -10.76
FX Market(%) Price 1D 1W 1M
1,415.1 0.35 1.40 2.65
945.4 0.54 3.00 4.41
IRS(%) 1D(bp) CRS(%) 1D(bp) Spread(bp) 1D(bp)
1Y 2.810 -0.7 1Y 2.620 0 10.8 -0.7
2Y 2.638 -2.3 2Y 2.430 1.5 -3.5 0.3
3Y 2.573 -2.8 3Y 2.400 1.5 -2.8 -0.3
5Y 2.553 -3.7 5Y 2.370 1 -6.3 -1.1
10Y 2.585 -3.8 10Y 2.400 1 -15.0 -0.7
US Bond Market
US Bond(%,bp) YTM 1D 1W 1M
UST2Y 4.148 1.6 -8.7 -3.7
UST5Y 4.077 0.7 -6.6 -7.4
UST10Y 4.180 -0.2 -8.5 -9.3
UST30Y 4.336 -1.0 -10.4 -10.1
KR Credit Market (계약수)
Bond Yield(%, bp) Yield 1D 1W 1M 3M 1Y
3.008 -0.2 -7.4 -18.1 -27.3 -85.2 3,468 114 215 -9,479 5,932
2.867 -2.5 -5.3 -30.3 -28.4 -93.1 2,881 -217 -759 10,466 -13,446
2.893 -2.7 -7.1 -32.4 -26.2 -91
2.997 -0.3 -9.2 -23.8 -30.7 -90.6 Fund Flow (십억원)
2.893 -2.5 -4.5 -31.5 -28.6 -103.1 1D 1W 1M YTD
2.929 -2.7 -7.3 -35.2 -28.2 -111 MMF* 202,309 169 3,615 4,213 31,252
3.206 0.0 -3.0 -13.3 -22.7 -81.6 178,630 242 955 1,989 42,046
3.137 -2.3 -4.3 -28.2 -30.2 -107.8 122,043 10 1,146 1,807 18,176
3.251 -2.7 -7.0 -34.4 -29.9 -115.4 1,712,024 3,499 7,395 11,559 95,431
3.279 0.0 -3.0 -13.9 -24.1 -91.8 60,027 82 1,135 -760 -10,548
3.229 -2.3 -4.3 -28.6 -32.4 -121.1 *는 T-2일 기준, 펀드는 설정액 및 ETF 제외 기준
3.359 -2.7 -7.0 -34.4 -30.9 -125.3 **는 T-4일 기준
3.972 0.0 -2.5 -17.3 -32.6 -108.9
4.104 -2.3 -3.8 -32.1 -38.8 -122.1 (십억원)
4.479 -2.7 -7.0 -35.4 -31.4 -109.1
4.689 0.0 -2.5 -17.3 -33.1 -106.4 AA- 2026-01-12 3.224 3.22 130
4.897 -2.3 -3.8 -32.1 -38.8 -118.1 AA0 2025-01-25 3.317 3.65 120
5.163 -2.7 -7.0 -35.4 -31.4 -107.6 AA0 2026-04-13 3.024 3.06 110
5.261 0.0 -2.5 -17.3 -32.6 -105.4 AA0 2025-01-26 3.284 3.54 100
5.537 -2.3 -3.8 -31.6 -37.8 -114.1 AA- 2027-09-12 3.137 3.14 100
5.804 -2.7 -7.0 -35.4 -31.4 -106.8 AA- 2025-01-17 3.504 3.69 100
3.133 -0.3 -0.8 -10.6 -15.9 -83.9 AA- 2025-02-14 3.407 3.57 60
3.034 -2.6 -4.3 -29.2 -26.1 -91.8 AA0 2025-02-28 3.328 3.43 60
3.035 -2.7 -6.8 -34.4 -27.5 -101 AA- 2026-01-28 3.088 3.08 50
3.152 -0.2 -0.7 -10.9 -17.5 -89.2 AA0 2028-02-14 3.051 3.04 50
3.120 -2.5 -3.5 -28.4 -24.8 -94.4 AA0 2026-11-27 3.321 3.29 50
3.131 -2.6 -6.3 -32.8 -26.6 -108.5 SK293-1 AA+ 2025-09-07 3.236 3.2 50
3.176 -0.2 -0.7 -10.9 -17.2 -90.8 AA+ 2025-01-27 3.255 3.45 50
3.147 -2.6 -3.5 -28.8 -25.9 -95.7 AA+ 2025-02-20 3.269 3.41 50
3.191 -2.5 -6.3 -32.9 -27.0 -108.8 AA0 2027-01-26 3.034 3.03 40
3.205 -0.2 -0.7 -10.9 -17.2 -91.6 AA0 2025-01-17 3.309 3.58 40
3.195 -2.6 -3.6 -28.8 -25.7 -97.4 AAA 2027-02-22 2.979 3 40
3.293 -2.6 -6.3 -33.0 -27.3 -109.7 LF11-1 AA- 2025-06-27 3.342 3.37 40
26-06-0525-12-0527-12-1026-06-0526-03-05
27-12-0527-06-0534-06-1054-03-1027-12-05
27-06-0427-01-0527-12-0326-03-0526-06-05
26-09-1054-09-1026-07-0234-06-1028-06-10
2.872.942.662.872.93
2.902.902.752.513.46
3.053.073.042.932.87
2.672.582.712.752.69
3102602301701401,110
120100305012312
8080423030262
21255503935391
1.5
1.0
3.0
1.5
1.2
1.7
3.0
2.5
9.5
29.3
3.0
7.7
2.5
2.1
3.0
1.2
1.5
2.2
1.8
29.8
1.6
9.5
3.5
6.6
26-01-0230-06-1030-12-1027-09-1025-01-25
27-12-1054-09-1054-03-1027-06-1074-09-10
29-09-1025-04-1054-09-1026-12-1025-01-02
52-03-1029-06-1032-06-1027-06-1029-09-10
2.752.782.802.693.64
2.692.592.602.622.51
2.643.222.592.673.01
2.612.712.792.642.66
-40-40-30-30-30-170
-210-42-35-15-10-312
-57-40-24-21-20-163
-185-121-102-70-69-547
1.1
5.5
6.0
2.8
0.1
3.1
3.0
29.8
29.3
2.5
49.8
11.0
4.8
0.3
29.8
2.0
0.1
6.5
27.3
4.5
7.5
2.5
4.8
12.6
