17 Dec. 2024
▪ 10Y 2,000 2.665
▪ 91d 5,000 2.950
▪ 0 0 0 0 0 0.000
0 0 0 0 0 0.000
0 0 0 0 0 0.000
KR Market
KR Bond(%,bp) YTM 1D 1W 1M
CD91D 3.380 6.0 10.0 -6.0
2.684 0.1 -1.1 -17.4 2,500 2.970 2.909 AAA
2.664 0.9 1.4 -31.2 1,900 2.960 2.927 AAA
2.551 1.5 -2.3 -38.6 1,600 2.900 2.956 AAA
2.650 3.5 7.8 -34.0 1,500 3.210 3.258 AAA
2.712 3.7 4.0 -36.8 1,500 3.080 2.998 AAA
2.635 6.2 7.0 -36.9 1,000 2.900 2.956 AAA
KR Credit(%,bp) YTM 1D 1W 1M 1,000 3.980 3.262 AA-
3.281 1.8 6.4 -24.1 1,000 3.350 3.059 AA+
3.214 1.5 4.3 -28.7 900 3.122 3.122 AA+
6.573 1.5 3.7 -32.6 700 3.119 3.119 AA+
KTB Futures(tick) 1D 1W
KTBF 3Y 106.7 -7.0 -15.0 (십억계약,%,년)
LKTBF 10Y 118.9 -38.0 -103.0
KR Stock(%) Index 1D 1W 1M
KOSPI 2,489.0 -0.22 5.44 2.98
KOSDAQ 698.5 0.69 11.41 1.91
FX Market(%) Price 1D 1W 1M
1,435.0 0.14 -0.14 2.59
935.0 -0.22 -2.00 3.90
IRS(%) 1D(bp) CRS(%) 1D(bp) Spread(bp) 1D(bp)
1Y 2.803 1.3 1Y 2.645 4 11.9 1.1
2Y 2.628 2.0 2Y 2.465 2 -3.7 1.1
3Y 2.573 2.3 3Y 2.455 3.5 2.1 0.7
5Y 2.565 2.5 5Y 2.420 3.5 -8.5 -1.0
10Y 2.613 3.0 10Y 2.445 3.5 -10.0 -0.7
US Bond Market
US Bond(%,bp) YTM 1D 1W 1M
UST2Y 4.238 -1.1 11.1 -6.9
UST5Y 4.240 -1.2 16.4 -6.9
UST10Y 4.389 -1.0 18.3 -5.2
UST30Y 4.602 0.0 21.3 -1.7
KR Credit Market (계약수)
Bond Yield(%, bp) Yield 1D 1W 1M 3M 1Y
3.008 0.5 0.2 -22.6 -21.0 -71.4 2,668 -97 -1,163 -5,484 4,949
2.876 1.3 4.1 -31.7 -21.8 -76.5 -8,052 -764 -5,684 -15,970 29,391
2.946 3.4 8.8 -28.9 -14.9 -67.8
3.007 0.9 1.4 -26.1 -23.2 -73.5 Fund Flow (십억원)
2.909 1.4 4.1 -31.3 -21.2 -84.7 1D 1W 1M YTD
2.976 3.3 8.4 -31.9 -17.3 -87.7 MMF* 190,250 -319 -7,396 -9,416 19,193
3.223 1.0 1.7 -14.5 -13.0 -66.1 178,912 -255 355 1,630 42,329
3.189 1.8 6.4 -23.7 -15.5 -82.3 124,448 100 2,187 5,432 20,581
3.301 3.5 8.8 -31.2 -17.9 -86.7 1,718,621 6,912 4,707 15,876 102,028
3.296 1.0 1.7 -14.8 -14.9 -74.4 61,701 -346 324 2,070 -8,875
3.281 1.8 6.4 -24.1 -17.7 -93.1 *는 T-2일 기준, 펀드는 설정액 및 ETF 제외 기준
3.409 3.5 8.8 -31.2 -18.9 -96.1 **는 T-4일 기준
3.979 1.0 0.7 -17.6 -23.4 -92.2
4.148 1.5 5.6 -28.1 -25.4 -98.9 (십억원)
4.524 3.5 8.3 -32.7 -19.9 -81.9
4.696 1.0 0.7 -17.6 -23.9 -90.2 - 2031-06-10 - 3.33 90
4.941 1.5 5.6 -28.1 -25.4 -95.4 A0 2026-05-20 - 5.5 60
5.208 3.5 8.3 -32.7 -19.9 -80.9 AA- 2099-12-31 4.798 4.85 60
5.268 1.0 0.7 -17.6 -23.4 -89.2 SK313-1 AA+ 2027-11-26 3.123 3.13 60
5.581 1.5 5.6 -27.6 -24.4 -91.4 - 2029-09-10 - 3.56 59
5.849 3.5 8.3 -32.7 -19.9 -80.1 - 2027-04-08 - 5.13 50
3.117 0.1 -0.7 -15.6 -13.2 -71.7 - 2029-10-17 - 0 50
3.051 1.6 3.9 -30.2 -20.1 -74 - 2028-06-21 3.368 4.94 50
3.081 3.4 8.4 -32.0 -17.3 -77.7 - 2029-04-26 - 5.1 50
3.145 0.4 -0.4 -14.8 -12.7 -75.1 A+ 2025-11-06 3.448 3.45 50
3.139 1.5 4.3 -28.6 -18.1 -75.4 AA+ 2025-05-23 3.438 3.44 40
3.178 3.5 8.4 -30.4 -15.0 -85.1 - 2026-08-21 - 3.73 40
3.170 0.3 -0.3 -14.9 -12.5 -76.5 - 2029-06-20 - 4 40
3.166 1.5 4.2 -28.7 -19.1 -76.7 AA0 2027-06-03 3.139 3.14 40
3.238 3.4 8.5 -30.4 -15.5 -85.4 AA+ 2025-02-12 3.378 3.41 30
3.200 0.4 -0.2 -14.8 -12.4 -77.4 AA0 2025-02-14 3.291 3.21 30
3.214 1.5 4.3 -28.7 -19.0 -78.4 AAA 2026-12-16 - 3.73 30
3.341 3.4 8.5 -30.3 -15.6 -86.2 AA- 2025-04-08 3.482 3.55 30
25-03-1825-03-1626-10-0227-12-1627-03-10
26-12-1654-09-1034-06-1029-09-1030-06-10
25-12-1325-12-1629-09-1034-06-1025-03-16
34-12-1031-12-1026-10-0254-09-1026-06-10
2.963.212.672.822.67
2.972.542.812.652.80
3.313.352.642.813.23
2.722.822.662.552.70
37080705050620
10289642830313
150100956870483
2320205169
0.3
0.2
1.8
3.0
2.2
0.8
2.0
29.8
9.5
4.7
5.5
12.0
1.0
1.0
4.7
9.5
0.2
2.8
10.0
7.0
1.8
29.8
1.5
8.1
30-06-1029-09-1027-06-1027-09-1527-05-11
48-03-1026-07-0229-03-1025-03-1026-10-02
28-03-1054-09-1029-03-1026-03-0325-12-10
25-12-1026-03-1026-08-0726-04-2129-12-10
2.802.642.612.843.26
2.612.702.712.832.67
2.682.562.712.702.68
2.712.732.912.942.76
-30-20-20-10-10-90
-50-40-34-30-20-174
-90-72-70-50-40-322
-50-50-10-10-3-123
5.5
4.7
2.5
2.7
2.4
4.0
23.2
1.5
4.2
0.2
1.8
8.1
3.2
29.8
4.2
1.2
1.0
8.8
1.0
1.2
1.6
1.3
5.0
1.3
