9 Dec. 2024
▪ 0 0 0 0 0 0.000
▪ 0 0 0 0 0 0.000
▪ 0 0 0 0 0 0.000
0 0 0 0 0 0.000
0 0 0 0 0 0.000
KR Market
KR Bond(%,bp) YTM 1D 1W 1M
CD91D 3.280 0.0 -1.0 -16.0
2.704 0.2 1.2 -15.2 2,200 2.860 2.957 AAA
2.692 2.0 0.7 -28.8 2,100 2.820 - 0
2.622 2.2 1.1 -33.4 2,000 2.920 2.907 AAA
2.634 1.9 -1.8 -38.6 1,700 2.900 2.997 AAA
2.744 0.9 -1.6 -39.3 1,500 3.050 3.131 AAA
2.645 -0.9 -6.3 -39.5 1,400 2.696 2.836 AAA
KR Credit(%,bp) YTM 1D 1W 1M 1,200 2.840 2.855 AAA
3.254 2.5 1.2 -30.1 1,200 3.050 3.008 AAA
3.216 2.1 1.4 -30.3 1,000 5.400 - A
6.580 2.2 0.9 -34.3 1,000 3.352 3.240 AA-
KTB Futures(tick) 1D 1W
KTBF 3Y 106.8 -8.0 -3.0 (십억계약,%,년)
LKTBF 10Y 119.6 -13.0 23.0
KR Stock(%) Index 1D 1W 1M
KOSPI 2,428.2 -0.56 -1.13 -5.28
KOSDAQ 661.3 -1.43 -2.49 -11.03
FX Market(%) Price 1D 1W 1M
1,419.2 0.29 1.76 1.65
945.3 -0.01 1.68 3.99
IRS(%) 1D(bp) CRS(%) 1D(bp) Spread(bp) 1D(bp)
1Y 2.815 0.5 1Y 2.605 -1.5 11.1 0.3
2Y 2.658 2.0 2Y 2.425 -0.5 -3.5 0.0
3Y 2.595 2.3 3Y 2.395 -0.5 -2.7 0.1
5Y 2.573 2.0 5Y 2.370 0 -6.2 0.1
10Y 2.603 1.8 10Y 2.400 0 -14.2 0.8
US Bond Market
US Bond(%,bp) YTM 1D 1W 1M
UST2Y 4.108 -4.0 -5.7 -16.0
UST5Y 4.036 -4.1 -2.3 -24.0
UST10Y 4.156 -2.4 -2.2 -28.0
UST30Y 4.339 0.3 -2.9 -27.5
KR Credit Market (계약수)
Bond Yield(%, bp) Yield 1D 1W 1M 3M 1Y
3.009 0.1 -0.9 -19.7 -27.2 -86.7 760 315 1,165 -2,239 -1,087
2.889 2.2 0.6 -31.7 -26.2 -94.6 9,968 43 -717 -323 -10,791
2.912 1.9 -1.8 -35.0 -24.3 -92.5
3.000 0.3 -3.8 -25.1 -30.4 -91.1 Fund Flow (십억원)
2.915 2.2 1.1 -33.3 -26.4 -104.1 1D 1W 1M YTD
2.949 2.0 -1.7 -37.7 -26.2 -112.3 MMF* 199,388 -2,922 762 -1,228 28,330
3.206 0.0 0.0 -15.6 -22.7 -82.8 178,835 206 1,295 1,823 42,252
3.162 2.5 1.2 -29.7 -27.7 -107.5 122,210 167 1,491 2,230 18,342
3.271 2.0 -1.7 -37.2 -27.9 -116.2 1,712,024 0 3,544 11,559 95,431
3.279 0.0 0.0 -16.2 -24.1 -92.8 60,027 0 386 -760 -10,548
3.254 2.5 1.2 -30.1 -29.9 -120.8 *는 T-2일 기준, 펀드는 설정액 및 ETF 제외 기준
3.379 2.0 -1.7 -37.2 -28.9 -126.1 **는 T-4일 기준
3.972 0.0 0.5 -19.3 -32.6 -109.9
4.129 2.5 1.7 -33.6 -36.3 -121.8 (십억원)
4.499 2.0 -1.7 -38.2 -29.4 -109.9
4.689 0.0 0.5 -19.3 -33.1 -107.4 AA- 2025-04-25 3.426 3.49 100
4.922 2.5 1.7 -33.6 -36.3 -117.8 AA- 2025-04-25 3.29 3.38 60
5.183 2.0 -1.7 -38.2 -29.4 -108.4 AA- 2029-07-09 3.075 3.08 60
5.261 0.0 0.5 -19.3 -32.6 -106.4 AA+ 2029-01-29 3.002 3.01 60
5.562 2.5 1.7 -33.1 -35.3 -113.8 - 2026-11-27 - 4.3 60
5.824 2.0 -1.7 -38.2 -29.4 -107.6 AA0 2032-03-31 4.302 4.31 51
3.134 0.1 1.0 -12.1 -15.8 -85.5 AA0 2026-02-13 3.047 3.09 50
3.058 2.4 1.1 -30.7 -23.7 -93 AA+ 2025-09-19 3.268 3.26 50
3.055 2.0 -1.4 -37.2 -25.5 -102.3 AA- 2026-03-10 3.104 3.13 40
3.155 0.3 1.0 -12.6 -17.2 -90.2 AAA 2027-10-29 2.935 2.97 40
3.141 2.1 1.5 -29.9 -22.7 -95.8 AA0 2026-01-23 3.153 3.15 40
3.150 1.9 -1.0 -35.7 -24.7 -110 - 2026-10-27 - 4.34 40
3.179 0.3 1.0 -12.6 -16.9 -91.7 - 2028-12-20 - 3.82 40
3.168 2.1 1.4 -30.3 -23.8 -97.2 - 2028-11-03 - 3.69 40
3.209 1.8 -1.0 -35.9 -25.2 -110.3 - 2032-06-10 - 4.1 30
3.209 0.4 1.0 -12.5 -16.8 -92.6 AAA 2025-01-13 3.288 3.55 30
3.216 2.1 1.4 -30.3 -23.6 -98.9 AA- 2026-02-03 3.146 3.15 30
3.312 1.9 -1.0 -35.9 -25.4 -111.2 AA- 2025-04-28 4.013 3.93 30
27-12-0626-12-0625-12-0626-10-0225-12-06
54-12-0625-03-1027-12-0653-03-1027-11-28
27-02-0524-12-2227-05-0627-06-1027-11-05
25-06-1029-12-1026-10-0226-09-1027-06-10
2.822.842.942.693.05
2.702.933.142.522.93
3.673.163.332.623.14
2.802.712.692.652.62
1101001007060440
8050305020230
7050504640256
6240403835214
3.0
2.0
1.0
1.8
1.0
1.9
30.0
0.3
3.0
28.3
3.0
17.3
2.2
0.0
2.4
2.5
2.9
2.0
0.5
5.0
1.8
1.8
2.5
2.1
25-03-1026-01-1925-10-2344-09-1029-09-10
30-06-1054-09-1044-12-1029-09-1072-09-10
54-09-1025-05-2126-12-1029-03-1027-03-03
30-12-1035-09-1032-12-1026-03-1027-03-10
2.942.963.072.652.62
2.762.562.702.642.49
2.563.252.672.682.69
2.802.772.782.712.67
-50-30-30-22-21-153
-30-22-20-15-10-97
-40-40-31-30-30-171
-95-73-56-50-50-324
0.3
1.1
0.9
19.8
4.8
4.0
5.5
29.8
20.0
4.8
47.8
18.2
29.8
0.4
2.0
4.3
2.2
8.6
6.0
10.8
8.0
1.3
2.3
6.1
