26 Dec. 2024
▪ 5Y 1,000 2.680
▪ 91d 4,000 2.960
▪ 20Y 1,000 2.750
0 0 0 0 0 0.000
0 0 0 0 0 0.000
KR Market
KR Bond(%,bp) YTM 1D 1W 1M
CD91D 3.400 1.0 2.0 -4.0
2.701 1.7 2.0 -12.2 1,200 3.218 - AA
2.765 3.1 5.0 -11.6 800 - 3.039 AAA
2.624 1.5 0.6 -19.3 700 3.361 3.402 AA-
2.800 4.3 6.8 -7.7 600 3.233 3.362 AA-
2.884 3.9 9.4 -9.6 600 3.227 - AA
2.827 5.9 9.1 -8.3 400 4.708 - A
KR Credit(%,bp) YTM 1D 1W 1M 400 3.203 3.247 AA+
3.366 1.5 1.5 -5.1 300 3.228 3.371 AA-
3.305 1.9 2.1 -8.1 300 3.247 3.402 AA-
6.651 1.9 1.3 -12.5 300 3.210 3.258 AA+
KTB Futures(tick) 1D 1W
KTBF 3Y 106.6 -13.0 -46.0 (십억계약,%,년)
LKTBF 10Y 117.0 -50.0 -181.0
KR Stock(%) Index 1D 1W 1M
KOSPI 2,440.5 -0.06 -0.66 -2.43
KOSDAQ 680.1 0.13 -2.07 0.46
FX Market(%) Price 1D 1W 1M
1,456.4 0.30 1.22 3.89
928.3 0.26 -0.48 1.88
IRS(%) 1D(bp) CRS(%) 1D(bp) Spread(bp) 1D(bp)
1Y 2.868 2.0 1Y 2.720 3 16.7 0.3
2Y 2.758 3.7 2Y 2.620 4 -0.8 0.6
3Y 2.718 4.3 3Y 2.610 4 9.3 2.7
5Y 2.728 4.7 5Y 2.580 4 -7.2 0.5
10Y 2.773 4.7 10Y 2.605 4 -11.2 0.9
US Bond Market
US Bond(%,bp) YTM 1D 1W 1M
UST2Y 4.349 0.5 10.0 -3.0
UST5Y 4.445 1.0 18.1 14.8
UST10Y 4.591 0.2 19.1 18.6
UST30Y 4.764 -1.2 17.3 17.5
KR Credit Market (계약수)
Bond Yield(%, bp) Yield 1D 1W 1M 3M 1Y
3.039 1.3 2.8 -16.5 -16.0 -69.2 -1,485 -361 -1,158 -3,475 6,184
2.958 1.9 1.4 -12.8 -12.5 -64 -12,675 300 -309 -27,938 41,783
3.094 4.1 6.6 -3.5 -4.4 -47.8
3.053 1.6 4.3 -17.9 -16.5 -70.3 Fund Flow (십억원)
2.988 1.5 1.2 -11.8 -12.3 -72 1D 1W 1M YTD
3.124 4.0 6.6 -5.9 -7.0 -66.9 MMF* 178,437 -4,922 -11,739 -19,589 7,380
3.268 2.0 4.0 -7.3 -4.3 -62.6 174,834 -230 -4,144 -2,127 38,251
3.274 1.5 1.5 -5.1 -4.2 -69.8 124,187 1,349 -541 2,969 20,319
3.458 4.3 7.5 -4.2 -5.2 -65.2 1,715,901 1,733 171 10,226 99,309
3.346 2.0 4.5 -6.8 -5.7 -70.9 61,506 214 295 3,055 -9,069
3.366 1.5 1.5 -5.1 -5.4 -80.6 *는 T-2일 기준, 펀드는 설정액 및 ETF 제외 기준
3.566 4.3 7.5 -4.2 -5.7 -75.1 **는 T-4일 기준
4.019 2.0 3.5 -10.3 -14.9 -89.7
4.228 1.5 1.0 -8.1 -14.1 -86.4 (십억원)
4.681 4.3 7.5 -5.7 -7.2 -60.9
4.736 2.0 3.5 -10.3 -15.4 -87.7 AA+ 2025-02-07 3.405 3.84 90
5.021 1.5 1.0 -8.1 -14.1 -82.9 AA- 2025-01-17 3.538 4.02 50
5.365 4.3 7.5 -5.7 -7.2 -59.9 2025-06-24 - 3.9 40
5.308 2.0 3.5 -10.3 -14.9 -86.7 AA+ 2026-04-23 3.184 3.21 30
5.661 1.5 1.0 -7.6 -13.1 -78.9 AA- 2026-06-27 3.558 3.6 30
6.006 4.3 7.5 -5.7 -7.2 -59.1 AA+ 2027-03-05 3.07 3.11 30
3.144 1.5 2.3 -10.6 -9.3 -71.1 AA- 2027-04-08 3.492 3.47 30
3.144 2.4 2.1 -9.6 -10.4 -61.4 AAA 2028-02-20 3.053 3.15 30
3.234 4.1 7.3 -5.4 -6.3 -56.2 AA- 2025-03-03 3.46 3.47 30
3.183 1.8 3.3 -8.3 -7.6 -74.2 AA0 2025-03-05 3.374 3.38 30
3.229 1.9 2.0 -8.4 -8.1 -63 AAA 2025-01-17 3.309 4.04 30
3.333 4.2 7.5 -3.5 -3.8 -63.7 2029-06-11 - 3.82 30
3.210 1.8 3.5 -8.2 -7.1 -75.6 2028-12-20 - 4.1 30
3.255 1.9 1.9 -8.4 -9.1 -64.4 KT196-1 AAA 2025-01-27 3.241 3.89 20
3.393 4.1 7.4 -3.4 -4.2 -64 AAA 2029-02-26 3.077 3.11 20
3.240 1.9 3.5 -8.1 -7.1 -76.6 A+ 2025-04-25 3.463 3.65 10
3.305 1.9 2.1 -8.1 -8.9 -65.9 2025-12-23 - 5 10
3.498 4.2 7.7 -3.2 -4.2 -64.6 AAA 2026-09-24 - 3.16 10
29-12-3126-10-0229-03-1034-06-1028-09-10
34-06-1029-09-1054-09-1026-10-0729-11-30
26-08-2928-12-2225-12-1625-03-1227-12-10
26-10-0233-06-1028-06-1054-09-1027-03-10
3.002.752.863.012.83
3.012.792.743.233.00
2.943.243.093.622.62
2.763.032.832.762.78
12880605050368
12941343025259
8050403030230
7040403520205
5.0
1.8
4.2
9.5
3.7
4.6
9.5
4.7
29.7
1.8
4.9
10.0
1.7
4.0
1.0
0.2
3.0
2.0
1.8
8.5
3.5
29.7
2.2
8.2
27-06-1025-03-1126-06-1025-04-2625-05-21
31-12-1025-02-0729-03-1032-06-1042-12-10
26-12-1043-09-1027-06-1027-06-1029-03-10
25-12-1025-12-1054-03-1034-06-1072-09-10
2.723.472.793.363.30
3.113.842.863.032.89
2.772.862.702.722.86
2.702.692.762.982.71
-40-30-20-20-20-130
-50-30-20-19-20-139
-40-30-30-29-28-157
-81-58-15-13-9-176
2.5
0.2
1.5
0.3
0.4
1.1
7.0
0.1
4.2
7.5
18.0
6.7
2.0
18.7
2.5
2.5
4.2
5.8
1.0
1.0
29.2
9.5
47.7
6.4
