24 Dec. 2024
▪ 5Y 1,000 2.680
▪ 91d 4,000 2.960
▪ 0 0 0 0 0 0.000
0 0 0 0 0 0.000
0 0 0 0 0 0.000
KR Market
KR Bond(%,bp) YTM 1D 1W 1M
CD91D 3.390 0.0 1.0 -5.0
2.684 0.0 0.0 -13.9 4,000 2.960 2.953
2.734 0.9 7.0 -14.7 50 3.385 3.356 AAA
2.609 -0.3 5.8 -20.8 50 3.385 3.353 AAA
2.757 -0.3 10.7 -12.0 50 3.385 3.351 AAA
2.845 -1.5 13.3 -13.5 50 3.390 3.347 AAA
2.768 -2.3 13.3 -14.2 100 3.385 3.345 AAA
KR Credit(%,bp) YTM 1D 1W 1M 100 3.381 3.342 AAA
3.351 0.3 7.0 -6.6 100 3.347 3.308 AAA
3.286 0.4 7.2 -10.0 50 3.314 3.273 AAA
6.632 -0.3 5.9 -14.4 100 3.281 3.239 AAA
KTB Futures(tick) 1D 1W
KTBF 3Y 106.8 -2.0 -10.0 (십억계약,%,년)
LKTBF 10Y 117.5 9.0 -78.0
KR Stock(%) Index 1D 1W 1M
KOSPI 2,442.0 1.57 -1.89 -2.37
KOSDAQ 679.2 1.64 -2.76 0.33
FX Market(%) Price 1D 1W 1M
1,452.0 0.04 1.18 3.58
925.9 0.22 -0.97 1.61
IRS(%) 1D(bp) CRS(%) 1D(bp) Spread(bp) 1D(bp)
1Y 2.848 0.8 1Y 2.690 -0.5 16.4 0.8
2Y 2.720 0.0 2Y 2.580 -1 -1.4 -0.9
3Y 2.675 0.0 3Y 2.570 -1 6.6 0.3
5Y 2.680 -0.7 5Y 2.540 0 -7.7 -0.5
10Y 2.725 -1.2 10Y 2.565 0 -12.0 0.2
US Bond Market
US Bond(%,bp) YTM 1D 1W 1M
UST2Y 4.342 3.0 8.7 -3.7
UST5Y 4.416 3.7 15.6 11.9
UST10Y 4.554 2.8 15.2 14.9
UST30Y 4.744 2.1 14.3 15.5
KR Credit Market (계약수)
Bond Yield(%, bp) Yield 1D 1W 1M 3M 1Y
3.026 0.0 1.8 -17.8 -19.1 -70.5 -1,389 495 190 5,099 -3,957
2.939 -0.4 6.3 -14.7 -19.1 -65.9 -1,136 756 -17 -50,594 51,355
3.053 -0.4 10.7 -7.6 -12.0 -51.9
3.037 0.5 3.0 -19.5 -19.8 -71.9 Fund Flow (십억원)
2.973 -0.3 6.4 -13.3 -18.6 -73.5 1D 1W 1M YTD
3.084 -0.3 10.8 -9.9 -14.5 -70.9 MMF* 183,359 -6,027 -6,892 -18,397 12,301
3.248 0.0 2.5 -9.3 -8.0 -64.6 175,064 -591 -3,848 -1,207 38,481
3.259 0.3 7.0 -6.6 -10.5 -71.3 122,838 -791 -1,610 3,753 18,970
3.415 -0.3 11.4 -8.5 -13.0 -69.5 1,714,169 -638 -4,453 #N/A 97,576
3.326 0.0 3.0 -8.8 -9.4 -72.9 61,292 340 -409 #N/A -9,284
3.351 0.3 7.0 -6.6 -11.7 -82.1 *는 T-2일 기준, 펀드는 설정액 및 ETF 제외 기준
3.523 -0.3 11.4 -8.5 -13.5 -79.4 **는 T-4일 기준
3.999 -0.5 2.0 -12.3 -18.9 -91.7
4.213 -0.2 6.5 -9.6 -20.4 -87.9 (십억원)
4.638 -0.3 11.4 -10.0 -15.0 -65.2
4.716 -0.5 2.0 -12.3 -19.4 -89.7 AA0 2027-01-22 3.21 3.21 60
5.006 -0.2 6.5 -9.6 -20.4 -84.4 - 2028-12-20 - 3.69 40
5.322 -0.3 11.4 -10.0 -15.0 -64.2 AA0 2025-01-27 3.422 3.54 30
5.288 -0.5 2.0 -12.3 -18.9 -88.7 AA0 2025-12-12 3.191 3.22 30
5.646 -0.2 6.5 -9.1 -19.4 -80.4 AA0 2025-02-28 3.553 3.69 30
5.963 -0.3 11.4 -10.0 -15.0 -63.4 - 2027-06-21 - 5.34 30
3.129 0.2 1.2 -12.1 -12.5 -72.6 AA+ 2028-02-20 3.097 3.14 30
3.120 -0.1 6.9 -12.0 -16.9 -63.8 AAA 2026-04-22 2.986 3.06 30
3.193 -0.3 11.2 -9.5 -13.6 -60.3 - 2029-12-20 - 5.12 29
3.165 0.4 2.0 -10.1 -11.1 -76 AAA 2025-03-30 3.503 3.47 20
3.210 0.4 7.1 -10.3 -14.5 -64.9 - 2029-06-20 - 4.11 20
3.291 -0.3 11.3 -7.7 -11.1 -67.9 - 2026-02-25 - 8 20
3.192 0.3 2.2 -10.0 -10.6 -77.4 AAA 2029-12-11 3.098 3.09 20
3.236 0.3 7.0 -10.3 -15.5 -66.3 - 2029-09-10 - 3.59 20
3.352 -0.3 11.4 -7.5 -11.4 -68.1 AA0 2034-12-12 4.52 4.5 20
3.221 0.3 2.1 -10.0 -10.6 -78.5 - 2029-04-26 - 5.04 15
3.286 0.4 7.2 -10.0 -15.3 -67.8 - 2029-12-21 - 3.93 15
3.456 -0.3 11.5 -7.4 -11.4 -68.8 - 2028-06-20 - 3.6 10
25-03-2526-12-1025-08-0226-07-0226-12-23
54-09-1029-09-1027-06-1025-02-1025-06-23
25-06-2326-12-2327-06-2327-02-1954-09-10
54-09-1026-09-1025-03-2528-03-1025-06-10
3.002.703.242.752.90
2.692.752.693.563.29
3.292.904.063.372.70
2.702.722.982.792.81
11082806050382
5023212020134
2101701005035565
212020171593
0.3
2.0
0.6
1.5
2.0
1.1
29.7
4.7
2.5
0.1
0.5
12.4
0.5
2.0
2.5
2.2
29.7
3.3
29.7
1.7
0.3
3.2
0.5
7.9
25-07-0527-03-1025-10-0126-01-1626-10-02
25-12-1525-06-1025-12-1027-12-1031-06-10
26-12-1025-08-0226-09-1026-10-0227-06-10
33-06-1026-06-1026-06-1029-12-1026-03-10
3.342.733.132.982.72
2.972.642.672.692.95
2.733.232.722.732.69
2.982.762.762.852.71
-50-40-20-20-20-150
-100-40-40-40-30-250
-80-80-40-40-38-278
-95-50-50-35-29-260
0.5
2.2
0.8
1.1
1.8
1.2
1.0
0.5
1.0
3.0
6.5
1.9
2.0
0.6
1.7
1.8
2.5
1.6
8.5
1.5
1.5
5.0
1.2
4.5
