30 Dec. 2024
▪ 0 0 0 0 0 0.000
▪ 0 0 0 0 0 0.000
▪ 0 0 0 0 0 0.000
0 0 0 0 0 0.000
0 0 0 0 0 0.000
KR Market
KR Bond(%,bp) YTM 1D 1W 1M
CD91D 3.440 4.0 5.0 0.0
2.694 -1.2 1.0 -11.3 9,000 4.550 - AA0
2.757 -3.5 3.2 -6.0 1,200 4.300 - -
2.625 -4.5 1.3 -11.5 1,100 3.385 3.406 AA-
2.785 -4.0 2.5 0.5 1,056 3.700 - -
2.885 -2.9 2.5 0.4 800 3.371 3.387 AA-
2.871 2.1 8.0 4.1 700 3.358 3.369 AA-
KR Credit(%,bp) YTM 1D 1W 1M 600 3.352 3.371 AA-
3.366 -4.5 1.8 0.9 500 3.358 3.369 AA-
3.306 -4.2 2.4 -1.1 400 4.670 - -
6.650 -4.4 1.5 -5.1 400 3.341 3.359 AA-
KTB Futures(tick) 1D 1W
KTBF 3Y 106.6 10.0 -14.0 (십억계약,%,년)
LKTBF 10Y 116.8 18.0 -66.0
KR Stock(%) Index 1D 1W 1M
KOSPI 2,404.8 -1.02 0.03 -3.93
KOSDAQ 666.0 -1.43 -0.35 -3.76
FX Market(%) Price 1D 1W 1M
1,467.5 0.18 1.11 5.05
931.5 -0.28 0.82 1.30
IRS(%) 1D(bp) CRS(%) 1D(bp) Spread(bp) 1D(bp)
1Y 2.860 -1.8 1Y 2.775 2 16.6 -0.6
2Y 2.743 -3.2 2Y 2.680 4 -1.5 0.2
3Y 2.720 -2.5 3Y 2.680 4.5 9.5 2.0
5Y 2.735 -2.5 5Y 2.695 6 -5.0 1.5
10Y 2.785 -2.3 10Y 2.720 6 -10.0 0.7
US Bond Market
US Bond(%,bp) YTM 1D 1W 1M
UST2Y 4.332 -0.2 2.0 9.7
UST5Y 4.464 2.9 8.5 32.1
UST10Y 4.627 4.1 10.1 36.2
UST30Y 4.819 4.6 9.6 37.9
KR Credit Market (계약수)
Bond Yield(%, bp) Yield 1D 1W 1M 3M 1Y
3.029 -1.2 0.3 -16.4 -17.6 -66.3 -1,749 139 1,261 -4,356 5,655
2.940 -4.9 -0.3 -7.8 -15.2 -57.7 -8,680 976 890 -8,786 16,341
3.065 -4.2 0.8 1.5 -8.9 -42
3.040 -1.5 0.8 -17.8 -17.4 -67.1 Fund Flow (십억원)
2.973 -4.6 -0.3 -6.5 -14.7 -65.3 1D 1W 1M YTD
3.107 -4.2 2.0 1.1 -10.2 -59.9 MMF* 174,714 -2,412 -14,671 -21,344 3,656
3.268 0.0 2.0 -7.3 -4.3 -59.6 173,796 -724 -1,858 -3,619 37,213
3.274 -4.5 1.8 0.9 -4.7 -62.6 125,875 839 2,246 4,855 22,007
3.443 -4.0 2.5 3.7 -7.7 -58 1,714,742 0 1,156 10,113 98,150
3.346 0.0 2.0 -6.8 -5.4 -67.9 59,917 0 -601 1,025 -10,658
3.366 -4.5 1.8 0.9 -5.9 -74.4 *는 T-2일 기준, 펀드는 설정액 및 ETF 제외 기준
3.551 -4.0 2.5 3.7 -8.2 -67.9 **는 T-4일 기준
4.019 0.0 1.5 -9.3 -14.4 -86.7
4.228 -4.5 1.3 -0.9 -14.1 -79.7 (십억원)
4.666 -4.0 2.5 2.2 -9.7 -53.7
4.736 0.0 1.5 -9.3 -14.9 -84.7 AA0 2054-11-12 4.526 4.58 69
5.021 -4.5 1.3 -0.9 -14.1 -76.2 KT201-1 AAA 2027-12-02 3.068 3.05 60
5.350 -4.0 2.5 2.2 -9.7 -52.7 AA0 2034-12-12 4.546 4.43 47
5.308 0.0 1.5 -9.3 -14.4 -83.7 AA0 2025-06-20 3.446 3.44 30
5.661 -4.5 1.3 -0.9 -13.1 -72.2 A0 2026-02-23 3.341 3.35 30
5.991 -4.0 2.5 2.2 -9.7 -51.9 AAA 2025-03-23 3.321 3.37 20
3.135 -1.6 0.8 -10.3 -10.2 -68.8 - 2031-06-10 - 3.42 20
3.142 -4.6 2.1 -2.5 -12.1 -53.7 KT195-3 AAA 2031-06-10 3.169 3.25 20
3.219 -4.0 2.3 2.6 -9.2 -49.1 AA0 2025-02-28 3.576 4.12 20
3.177 -1.4 1.6 -7.8 -8.0 -71.4 AAA 2027-07-30 3.111 3.09 20
3.231 -4.1 2.5 -1.2 -9.6 -55.2 AAA 2031-07-26 3.247 3.28 20
3.318 -4.0 2.4 3.8 -7.2 -56.7 AA- 2099-12-31 3.976 3.99 14
3.205 -1.4 1.6 -7.4 -7.5 -72.7 AA- 2099-12-31 3.932 3.94 14
3.258 -4.1 2.5 -1.2 -10.2 -56.5 - 2025-12-27 - 6.5 10
3.378 -4.0 2.3 3.9 -7.7 -56.9 A0 2026-03-06 3.492 3.4 10
3.234 -1.4 1.6 -7.5 -7.5 -73.8 AA0 2028-02-14 3.186 3.2 9
3.306 -4.2 2.4 -1.1 -10.2 -58.3 - 2033-03-30 - 5.82 8
3.483 -4.0 2.4 4.1 -7.6 -57.6 AA- 2054-09-24 4.714 4.64 8
29-12-3132-12-1034-06-1028-09-1029-01-31
34-06-1027-12-1054-09-1033-12-1026-10-02
26-06-2754-11-1234-06-1054-09-1025-01-05
29-12-1033-12-1054-09-1034-12-1033-12-10
3.003.093.062.842.96
3.092.682.833.082.79
2.954.593.062.813.50
2.923.082.802.883.10
3630303030156
117119903027383
29560555150511
245140302010445
5.0
8.0
9.5
3.7
4.1
6.0
9.5
2.9
29.7
9.0
1.8
11.6
1.5
29.9
9.5
29.7
0.0
8.4
5.0
9.0
29.7
10.0
9.0
8.2
KT201-1
25-12-1026-10-0225-01-0125-09-1027-12-10
50-03-1052-03-1041-09-1042-12-1029-09-10
26-10-0228-03-1025-06-3025-01-2027-12-02
25-12-1025-12-1031-12-1030-06-1039-09-10
2.702.793.652.712.62
2.872.842.982.952.83
2.782.843.523.323.05
2.722.713.053.002.96
-40-30-30-20-11-131
-67-30-20-20-11-148
-97-20-20-20-20-177
-201-1-1-1-1-204
0.9
1.8
0.0
0.7
2.9
1.0
25.2
27.2
16.7
18.0
4.7
22.0
1.8
3.2
0.5
0.1
2.9
1.7
0.9
0.9
7.0
5.4
14.7
1.0
