27 Dec. 2024
▪ 5Y 1,000 2.680
▪ 91d 4,000 2.960
▪ 20Y 1,000 2.750
0 0 0 0 0 0.000
0 0 0 0 0 0.000
KR Market
KR Bond(%,bp) YTM 1D 1W 1M
CD91D 3.400 0.0 1.0 -4.0
2.706 0.5 2.3 -10.8 1,200 3.218 - AA
2.792 2.7 8.7 -5.0 800 2.990 2.985 AAA
2.670 4.6 7.0 -10.2 800 3.100 3.039 AAA
2.825 2.5 9.5 1.5 700 3.361 3.402 AA-
2.914 3.0 10.4 1.2 600 3.233 3.362 AA-
2.850 2.3 9.8 -0.4 600 3.227 - AA
KR Credit(%,bp) YTM 1D 1W 1M 400 4.708 - A
3.411 4.5 7.5 2.9 400 3.203 3.247 AA+
3.348 4.3 8.0 0.0 300 3.228 3.371 AA-
6.694 4.3 7.1 -3.9 300 3.247 3.402 AA-
KTB Futures(tick) 1D 1W
KTBF 3Y 106.5 -9.0 -24.0 (십억계약,%,년)
LKTBF 10Y 116.6 -43.0 -84.0
KR Stock(%) Index 1D 1W 1M
KOSPI 2,429.7 -0.44 -0.26 -3.60
KOSDAQ 675.6 -0.66 -1.27 -2.53
FX Market(%) Price 1D 1W 1M
1,464.8 0.58 0.89 4.76
934.1 0.62 1.34 3.03
IRS(%) 1D(bp) CRS(%) 1D(bp) Spread(bp) 1D(bp)
1Y 2.878 1.0 1Y 2.755 3.5 17.2 0.5
2Y 2.775 1.8 2Y 2.640 2 -1.7 -0.9
3Y 2.745 2.8 3Y 2.635 2.5 7.5 -1.8
5Y 2.760 3.2 5Y 2.635 5.5 -6.5 0.7
10Y 2.808 3.5 10Y 2.660 5.5 -10.7 0.5
US Bond Market
US Bond(%,bp) YTM 1D 1W 1M
UST2Y 4.334 -1.5 1.3 7.4
UST5Y 4.435 -1.0 1.1 24.2
UST10Y 4.586 -0.5 1.8 27.7
UST30Y 4.773 0.9 3.7 29.1
KR Credit Market (계약수)
Bond Yield(%, bp) Yield 1D 1W 1M 3M 1Y
3.041 0.2 2.2 -15.9 -16.4 -69.3 350 335 -347 -3,324 2,264
2.989 3.1 5.9 -5.7 -10.3 -59.5 -616 705 630 -25,145 24,294
3.107 1.3 8.0 3.3 -4.7 -43.8
3.055 0.2 3.3 -17.2 -15.9 -69.9 Fund Flow (십억원)
3.019 3.1 5.6 -4.6 -10.1 -67.5 1D 1W 1M YTD
3.149 2.5 9.2 2.8 -6.0 -61.7 MMF* 177,126 -1,311 -12,378 -21,995 6,068
3.268 0.0 3.0 -7.3 -4.3 -63.1 174,520 -314 -4,518 -2,431 37,937
3.319 4.5 7.5 2.9 -0.2 -64.6 125,036 849 161 4,668 21,168
3.483 2.5 9.5 4.7 -3.7 -60 1,715,901 0 -5,682 12,204 99,309
3.346 0.0 3.0 -6.8 -5.4 -71.4 61,506 0 460 2,999 -9,069
3.411 4.5 7.5 2.9 -1.4 -76.1 *는 T-2일 기준, 펀드는 설정액 및 ETF 제외 기준
3.591 2.5 9.5 4.7 -4.2 -69.9 **는 T-4일 기준
4.019 0.0 2.5 -9.8 -14.4 -90.2
4.273 4.5 7.0 0.4 -9.6 -81.4 (십억원)
4.706 2.5 9.5 3.2 -5.7 -55.7
4.736 0.0 2.5 -9.8 -14.9 -88.2 AA- 2026-10-14 3.136 3.17 160
5.066 4.5 7.0 0.4 -9.6 -77.9 AA- 2099-12-31 4.535 4.54 120
5.390 2.5 9.5 3.2 -5.7 -54.7 AA- 2099-12-31 3.32 3.32 120
5.308 0.0 2.5 -9.8 -14.4 -87.2 AA- 2025-02-14 3.62 3.78 100
5.706 4.5 7.0 0.4 -8.6 -73.9 AA- 2026-11-27 3.392 3.35 70
6.031 2.5 9.5 3.2 -5.7 -53.9 AA+ 2025-07-31 3.377 3.42 60
3.151 0.7 2.5 -9.4 -8.6 -71.3 AA0 2027-01-25 3.305 3.32 58
3.188 4.4 8.0 -1.1 -7.5 -55.8 KT&G2-1 AAA 2025-09-12 3.179 3.27 50
3.259 2.5 9.3 3.6 -5.2 -51.1 AA- 2026-04-27 3.19 3.21 50
3.191 0.8 3.3 -7.0 -6.6 -74.1 A0 2026-01-23 3.862 4.05 50
3.272 4.3 8.0 -0.1 -5.5 -57.8 A+ 2025-03-04 3.505 3.64 40
3.358 2.5 9.4 5.0 -3.2 -58.7 SK287-2 AA+ 2026-02-27 3.142 3.17 40
3.219 0.9 3.5 -6.6 -6.1 -75.5 AA- 2025-02-07 3.536 3.87 40
3.299 4.4 8.0 -0.2 -6.1 -59.1 AA0 2026-01-18 3.255 3.27 40
3.418 2.5 9.3 5.1 -3.7 -58.9 AA0 2027-01-18 3.128 3.19 40
3.248 0.8 3.5 -6.6 -6.1 -76.6 AA0 2025-01-30 3.52 3.59 30
3.348 4.3 8.0 0.0 -6.0 -60.8 AA0 2025-07-14 3.339 3.36 30
3.523 2.5 9.4 5.3 -3.6 -59.6 AA+ 2029-06-27 3.196 3.23 30
26-10-0233-06-1028-06-1054-09-1027-03-10
26-10-0233-06-1028-06-1054-09-1027-03-10
26-10-0233-06-1028-06-1054-09-1027-03-10
26-10-0233-06-1028-06-1054-09-1027-03-10
2.763.032.832.762.78
2.763.032.832.762.78
2.763.032.832.762.78
2.763.032.832.762.78
7040403520368
7040403520259
7040403520230
7040403520205
5.0
1.8
4.2
9.5
3.7
4.6
9.5
4.7
29.7
1.8
4.9
10.0
1.7
4.0
1.0
0.2
3.0
2.0
1.8
8.5
3.5
29.7
2.2
8.2
25-12-1025-12-1054-03-1034-06-1072-09-10
25-12-1025-12-1054-03-1034-06-1072-09-10
25-12-1025-12-1054-03-1034-06-1072-09-10
25-12-1025-12-1054-03-1034-06-1072-09-10
2.702.692.762.982.71
2.702.692.762.982.71
2.702.692.762.982.71
2.702.692.762.982.71
-81-58-15-13-9-130
-81-58-15-13-9-139
-81-58-15-13-9-157
-81-58-15-13-9-176
2.5
0.2
1.5
0.3
0.4
1.1
7.0
0.1
4.2
7.5
18.0
6.7
2.0
18.7
2.5
2.5
4.2
5.8
1.0
1.0
29.2
9.5
47.7
6.4
