12Dec. 2024
▪ 3Y 2,000 2.530
▪ 91d 5,000 2.960
▪ 2Y 1,000 2.595
1Y 4,000 2.710
0 0 0 0 0 0.000
KR Market
KR Bond(%,bp) YTM 1D 1W 1M
CD91D 3.330 3.0 5.0 -10.0
2.693 0.0 -0.9 -13.7 1,700 2.905 3.013 AAA
2.669 1.2 -2.9 -27.3 1,100 3.067 3.102 AA+
2.535 1.9 -9.0 -36.5 900 2.918 3.009 AAA
2.615 3.3 -2.7 -33.4 700 3.045 3.075 AA+
2.687 4.7 -7.8 -34.8 600 3.078 3.233 AA-
2.610 4.3 -6.5 -36.5 500 3.058 3.086 AA+
KR Credit(%,bp) YTM 1D 1W 1M 400 2.963 3.272 AAA
3.250 2.8 -0.2 -24.0 400 3.086 3.236 AA-
3.199 2.4 -2.2 -26.9 300 3.089 3.220 AA-
6.558 1.8 -2.6 -30.9 300 3.070 3.225 AA-
KTB Futures(tick) 1D 1W
KTBF 3Y 106.8 -9.0 -6.0 (십억계약,%,년)
LKTBF 10Y 119.3 -60.0 -38.0
KR Stock(%) Index 1D 1W 1M
KOSPI 2,442.5 1.02 -0.87 -3.52
KOSDAQ 675.9 2.17 -0.18 -7.26
FX Market(%) Price 1D 1W 1M
1,432.2 0.37 1.57 2.69
943.7 -0.19 0.36 3.62
IRS(%) 1D(bp) CRS(%) 1D(bp) Spread(bp) 1D(bp)
1Y 2.808 2.5 1Y 2.590 3.5 11.5 2.5
2Y 2.610 1.8 2Y 2.430 3.5 -5.9 0.6
3Y 2.555 1.8 3Y 2.390 3.5 2.0 -0.2
5Y 2.553 3.3 5Y 2.350 4.5 -6.3 -0.1
10Y 2.600 4.3 10Y 2.375 4.5 -8.7 -0.4
US Bond Market
US Bond(%,bp) YTM 1D 1W 1M
UST2Y 4.157 1.0 2.5 -9.9
UST5Y 4.136 3.7 6.6 -5.7
UST10Y 4.275 4.7 9.3 -3.2
UST30Y 4.484 6.4 13.8 1.3
KR Credit Market (계약수)
Bond Yield(%, bp) Yield 1D 1W 1M 3M 1Y
3.006 -0.1 -0.4 -18.7 -22.9 -86.5 -3,186 630 -1,077 -8,997 11,975
2.857 1.9 -3.5 -29.5 -28.2 -95.2 -7,455 1,738 1,886 -15,095 15,421
2.902 3.1 -1.8 -29.4 -25.3 -90.3
2.997 0.4 -0.3 -24.0 -26.6 -89.9 Fund Flow (십억원)
2.887 1.9 -3.1 -30.1 -28.0 -103.8 1D 1W 1M YTD
2.937 3.5 -1.9 -31.5 -27.5 -110 MMF* 190,871 -2,682 -11,269 -7,438 19,814
3.213 0.7 0.7 -12.7 -17.0 -80.1 178,813 120 425 1,490 42,230
3.158 2.8 -0.2 -23.6 -24.1 -102.6 122,706 581 672 1,452 18,838
3.261 3.3 -1.7 -30.9 -28.4 -109.2 1,719,369 9,701 9,701 12,970 102,777
3.286 0.7 0.7 -13.3 -18.9 -89.1 62,170 2,051 2,051 1,865 -8,406
3.250 2.8 -0.2 -24.0 -26.3 -114.9 *는 T-2일 기준, 펀드는 설정액 및 ETF 제외 기준
3.369 3.3 -1.7 -30.9 -29.4 -118.6 **는 T-4일 기준
3.974 0.2 0.2 -16.1 -26.9 -105.7
4.125 2.8 -0.2 -27.5 -33.2 -117.4 (십억원)
4.489 3.3 -1.7 -31.9 -29.9 -103.9
4.691 0.2 0.2 -16.1 -27.4 -103.7 SK302-1 AA+ 2025-02-22 3.321 3.56 150
4.918 2.8 -0.2 -27.5 -33.2 -113.9 AA- 2025-04-28 3.98 3.96 120
5.173 3.3 -1.7 -31.9 -29.9 -102.9 AAA 2027-02-22 2.916 2.95 80
5.263 0.2 0.2 -16.1 -26.9 -102.7 AA0 2026-02-02 3.049 3.02 70
5.558 2.8 -0.2 -27.0 -32.2 -109.9 AAA 2027-12-10 - 2.92 60
5.814 3.3 -1.7 -31.9 -29.9 -102.1 LF12 AA- 2027-07-02 3.099 3.17 50
3.124 0.2 -1.2 -11.5 -14.3 -85.3 AA0 2027-10-04 2.981 3.01 40
3.032 1.9 -2.8 -28.1 -26.3 -92.8 AAA 2026-01-16 3.049 3.06 40
3.044 3.5 -1.8 -31.2 -26.8 -99.6 AAA 2026-05-12 3.046 3.06 40
3.146 0.0 -0.8 -11.7 -14.5 -89.4 AA- 2026-10-08 3.191 3.23 40
3.124 2.4 -2.1 -26.6 -24.1 -94.1 AA+ 2026-05-31 3.055 3.1 40
3.143 3.7 -1.4 -29.5 -24.5 -106.8 AA- 2026-04-12 3.227 3.25 40
3.172 0.0 -0.6 -11.5 -13.9 -90.8 AA+ 2025-02-20 3.267 3.42 40
3.151 2.3 -2.2 -26.9 -25.1 -95.4 AA- 2025-04-18 3.414 3.46 40
3.202 3.7 -1.4 -29.7 -25.1 -107.2 AAA 2025-06-16 3.336 3.37 30
3.201 0.0 -0.6 -11.5 -14.0 -91.7 AA0 2026-03-09 3.191 3.2 30
3.199 2.4 -2.2 -26.9 -24.9 -97.1 SK312-2 AA+ 2027-08-27 3.065 3.11 20
3.304 3.6 -1.5 -29.8 -25.3 -108.1 AA+ 2031-02-19 3.016 3.09 20
26-12-1025-06-1027-06-1027-09-0325-11-09
29-11-3034-06-1025-09-1054-09-1026-10-02
27-12-1026-07-0227-12-1029-09-1026-10-02
27-09-0354-09-1025-11-0951-03-1026-09-10
2.652.842.592.662.73
2.792.762.772.532.67
2.532.693.052.602.67
2.672.522.712.532.65
33090707070630
1371091108550491
7650504440260
17070605041391
2.0
0.5
2.5
2.7
0.9
1.8
5.0
9.5
0.7
29.8
1.8
9.0
3.0
1.6
3.0
4.8
1.8
2.8
2.7
29.8
0.9
26.3
1.7
10.2
34-06-1030-06-1025-02-2225-03-0225-07-24
31-12-1026-12-1051-03-1025-03-1027-06-10
25-01-0227-02-0425-01-3127-06-2826-01-16
31-12-1031-06-1052-09-1049-03-1054-03-10
2.772.753.393.313.19
2.772.662.572.942.60
3.164.102.983.163.06
2.752.713.862.592.55
-74-50-30-30-30-214
-40-34-35-30-20-159
-40-40-30-20-20-150
-41-11-11-3-1-66
9.5
5.5
0.2
0.2
0.6
4.7
7.0
2.0
26.3
0.2
2.5
8.3
0.1
2.2
0.1
2.5
1.1
1.1
7.0
6.5
27.8
24.3
29.3
11.3
