19 Dec. 2024
▪ 10Y 2,000 2.665
▪ 91d 5,000 2.950
▪ 3Y 8,000 2.720
0 0 0 0 0 0.000
0 0 0 0 0 0.000
KR Market
KR Bond(%,bp) YTM 1D 1W 1M
CD91D 3.380 0.0 5.0 -6.0
2.666 -1.5 -2.7 -18.5 6,000 4.638 -
2.650 -6.5 -1.9 -31.0 4,000 2.910 2.915 AAA
2.540 -7.8 0.5 -37.5 2,400 2.930 2.967 AAA
2.655 -7.7 4.0 -31.0 1,800 2.950 3.058 AAA
2.735 -5.5 4.8 -32.5 1,700 4.563 -
2.710 -2.6 10.0 -28.9 1,600 2.922 2.973 AAA
KR Credit(%,bp) YTM 1D 1W 1M 1,100 2.890 2.968 AAA
3.281 -7.0 3.1 -21.9 1,100 3.360 3.071 AA+
3.216 -6.8 1.7 -25.9 1,000 2.990 2.968 AAA
6.567 -7.1 0.9 -30.7 1,000 3.125 3.213 AA+
KTB Futures(tick) 1D 1W
KTBF 3Y 107.1 23.0 37.0 (십억계약,%,년)
LKTBF 10Y 118.9 53.0 -23.0
KR Stock(%) Index 1D 1W 1M
KOSPI 2,484.4 1.12 1.72 0.62
KOSDAQ 697.6 0.45 3.20 1.16
FX Market(%) Price 1D 1W 1M
1,435.5 -0.24 0.23 2.89
937.1 0.46 -0.70 4.12
IRS(%) 1D(bp) CRS(%) 1D(bp) Spread(bp) 1D(bp)
1Y 2.798 -4.8 1Y 2.650 -2 13.2 -3.3
2Y 2.633 -6.3 2Y 2.500 -1.5 -1.8 0.2
3Y 2.578 -6.3 3Y 2.500 -2.5 3.8 1.5
5Y 2.570 -6.0 5Y 2.460 -3 -8.5 1.7
10Y 2.618 -5.7 10Y 2.485 -3 -11.8 -0.2
US Bond Market
US Bond(%,bp) YTM 1D 1W 1M
UST2Y 4.361 11.2 20.4 7.9
UST5Y 4.405 14.1 26.9 12.7
UST10Y 4.518 11.8 24.3 10.2
UST30Y 4.679 8.8 19.5 6.8
KR Credit Market (계약수)
Bond Yield(%, bp) Yield 1D 1W 1M 3M 1Y
3.001 -1.0 -0.5 -22.6 -22.2 -73.1 -11,709 -70 -1,286 -6,117 19,753
2.871 -7.3 1.4 -30.1 -23.8 -77.5 -451 -1,412 -6,724 -40,728 49,370
2.954 -7.4 5.2 -25.8 -16.6 -67.1
3.002 -0.8 0.5 -25.8 -24.1 -75.3 Fund Flow (십억원)
2.904 -7.2 1.7 -29.7 -23.2 -85.4 1D 1W 1M YTD
2.984 -7.4 4.7 -28.6 -18.9 -86.3 MMF* 189,504 -672 -1,368 -12,983 18,446
3.218 -1.0 0.5 -14.7 -13.5 -67.6 179,038 60 225 2,468 42,454
3.189 -7.0 3.1 -21.7 -16.5 -82.3 124,875 148 2,170 6,397 21,008
3.316 -6.7 5.5 -27.2 -18.9 -84.7 1,721,584 5,853 2,214 13,583 104,991
3.291 -1.0 0.5 -15.0 -15.4 -76.4 61,046 -164 -1,123 2,010 -9,529
3.281 -7.0 3.1 -21.9 -18.7 -93.6 *는 T-2일 기준, 펀드는 설정액 및 ETF 제외 기준
3.424 -6.7 5.5 -27.2 -19.9 -94.6 **는 T-4일 기준
3.974 -1.0 0.0 -17.8 -23.9 -94.2
4.148 -7.0 2.3 -25.9 -26.4 -98.9 (십억원)
4.539 -6.7 5.0 -28.7 -20.9 -80.4
4.691 -1.0 0.0 -17.8 -24.4 -92.2 2054-12-18 - 4.56 90
4.941 -7.0 2.3 -25.9 -26.4 -95.4 AA- 2026-07-05 3.22 3.26 60
5.223 -6.7 5.0 -28.7 -20.9 -79.4 AA0 2026-11-04 3.316 3.28 50
5.263 -1.0 0.0 -17.8 -23.9 -91.2 AA- 2025-01-17 3.315 3.72 40
5.581 -7.0 2.3 -25.4 -25.4 -91.4 AA0 2029-08-27 3.415 3.42 40
5.864 -6.7 5.0 -28.7 -20.9 -78.6 2025-07-18 - 4.27 30
3.107 -1.4 -1.7 -15.9 -14.7 -74.6 AAA 2026-08-25 3.081 3.08 30
3.053 -7.0 2.1 -27.7 -21.8 -75.1 A+ 2026-09-10 3.325 3.41 25
3.091 -7.0 4.7 -28.5 -18.7 -76.2 2027-07-09 - 3.98 22
3.138 -1.2 -0.8 -15.2 -13.9 -77.3 KT186-4 AAA 2034-06-26 3.191 3.17 20
3.139 -7.0 1.5 -25.9 -19.6 -76.3 2029-12-20 - 4.96 20
3.188 -7.0 4.5 -26.6 -16.3 -83.5 AA0 2034-12-12 4.503 4.44 20
3.164 -1.1 -0.8 -15.1 -13.6 -78.8 2030-12-10 - 4.68 10
3.166 -7.0 1.5 -26.1 -20.5 -77.6 AA- 2025-08-06 3.436 3.44 10
3.248 -7.1 4.6 -26.5 -16.7 -83.8 AA0 2025-02-14 3.296 3.13 10
3.193 -1.2 -0.8 -15.2 -13.6 -79.9 A0 2027-10-25 3.463 3.59 5
3.216 -6.8 1.7 -25.9 -20.3 -79.2 2027-04-08 - 4.72 5
3.353 -6.8 4.9 -26.3 -16.6 -84.4 2029-04-26 - 4.7 5
26-12-1829-12-1826-12-1027-09-0326-12-18
54-09-1027-12-1827-12-1725-03-1327-12-10
25-12-1826-12-1825-12-1626-12-1827-06-18
39-09-1030-12-1054-09-1040-09-1029-03-10
2.912.952.722.732.92
2.652.944.203.392.55
3.364.083.103.173.13
2.862.852.672.822.79
290170132130120842
11235303025232
11090605050360
7940424030232
2.0
5.0
2.0
2.7
2.0
2.7
29.7
3.0
3.0
0.2
3.0
15.5
1.0
2.0
1.0
2.0
2.5
1.6
14.7
6.0
29.7
15.7
4.2
14.8
25-12-1025-12-1026-01-1734-06-1026-01-04
25-07-0225-11-0931-12-1025-12-1240-09-10
26-10-0227-03-1028-03-1028-09-1029-03-10
25-12-1034-06-1025-12-1025-09-1026-09-10
2.692.693.032.883.03
2.713.062.892.952.85
2.682.742.762.792.78
2.682.882.682.652.73
-250-170-140-70-40-670
-100-60-60-50-60-330
-130-65-60-44-35-334
-140-99-100-71-40-450
1.0
1.0
1.1
9.5
1.0
1.9
0.5
0.9
7.0
1.0
15.7
4.6
1.8
2.2
3.2
3.7
4.2
2.6
1.0
9.5
1.0
0.7
1.7
2.9
