16 Dec. 2024
▪ 0 0 0 0 0 0.000
▪ 0 0 0 0 0 0.000
▪ 0 0 0 0 0 0.000
0 0 0 0 0 0.000
0 0 0 0 0 0.000
KR Market
KR Bond(%,bp) YTM 1D 1W 1M
CD91D 3.320 1.0 4.0 -12.0
2.683 -0.6 -2.1 -16.8 1,900 2.960 2.927 AAA
2.655 -1.5 -3.7 -32.3 1,500 - 2.998 AAA
2.536 -1.1 -8.6 -40.6 1,000 3.980 3.262 AA-
2.615 -1.5 -1.9 -37.0 1,000 3.350 3.059 AA+
2.675 -2.5 -6.9 -38.7 900 3.122 3.122 AA+
2.573 -2.5 -7.2 -41.3 700 3.119 3.119 AA+
KR Credit(%,bp) YTM 1D 1W 1M 600 - 2.863 AAA
3.263 -0.7 0.9 -26.4 600 3.164 3.181 AA+
3.199 -1.2 -1.7 -30.8 600 3.107 3.111 AA+
6.558 -1.2 -2.2 -34.6 500 - 2.998 AAA
KTB Futures(tick) 1D 1W
KTBF 3Y 106.8 7.0 3.0 (십억계약,%,년)
LKTBF 10Y 119.3 17.0 -30.0
KR Stock(%) Index 1D 1W 1M
KOSPI 2,494.5 0.50 2.73 3.20
KOSDAQ 693.7 1.52 4.90 0.59
FX Market(%) Price 1D 1W 1M
1,433.0 0.08 0.97 1.88
937.1 -0.09 -0.87 3.92
IRS(%) 1D(bp) CRS(%) 1D(bp) Spread(bp) 1D(bp)
1Y 2.790 -1.5 1Y 2.605 1 10.7 -0.9
2Y 2.608 -1.0 2Y 2.445 0.5 -4.7 0.5
3Y 2.550 -1.5 3Y 2.420 1 1.4 -0.4
5Y 2.540 -2.5 5Y 2.385 1 -7.5 -1.0
10Y 2.583 -3.3 10Y 2.410 1 -9.2 -0.7
US Bond Market
US Bond(%,bp) YTM 1D 1W 1M
UST2Y 4.249 5.4 14.1 -4.1
UST5Y 4.252 6.8 21.6 -5.6
UST10Y 4.399 7.0 24.3 -5.5
UST30Y 4.602 5.5 26.3 -3.6
KR Credit Market (계약수)
Bond Yield(%, bp) Yield 1D 1W 1M 3M 1Y
3.003 0.0 -0.6 -21.3 -21.5 -70.1 -213 -721 -1,805 -994 4,259
2.863 -0.5 -2.6 -33.0 -23.1 -73.8 -13,147 -31 -2,903 -6,373 19,488
2.912 -1.3 0.0 -31.9 -18.3 -67
2.998 0.2 -0.2 -26.0 -24.1 -73 Fund Flow (십억원)
2.895 -0.6 -2.0 -33.4 -22.6 -82.3 1D 1W 1M YTD
2.943 -1.0 -0.6 -34.7 -20.6 -86.9 MMF* 190,569 -127 -8,819 -6,352 19,512
3.213 -0.5 0.7 -14.7 -14.0 -65.1 179,167 412 332 1,979 42,584
3.171 -0.7 0.9 -26.0 -17.3 -80.6 124,348 1,219 2,138 4,249 20,480
3.266 -1.0 -0.5 -34.2 -21.4 -86.2 1,711,709 -1,705 4,915 3,362 95,116
3.286 -0.5 0.7 -15.3 -15.9 -73.4 62,046 -37 853 1,466 -8,529
3.263 -0.7 0.9 -26.4 -19.5 -92.9 *는 T-2일 기준, 펀드는 설정액 및 ETF 제외 기준
3.374 -1.0 -0.5 -34.2 -22.4 -95.6 **는 T-4일 기준
3.969 -1.0 -0.3 -18.1 -24.4 -91.2
4.133 -1.2 0.4 -30.1 -26.9 -96.9 (십억원)
4.489 -1.5 -1.0 -35.7 -23.4 -81.4
4.686 -1.0 -0.3 -18.1 -24.9 -89.2 AAA 2029-12-13 - 3.01 250
4.926 -1.2 0.4 -30.1 -26.9 -93.4 AAA 2027-12-13 - 2.98 100
5.173 -1.5 -1.0 -35.7 -23.4 -80.4 AAA 2026-12-11 - 2.96 90
5.258 -1.0 -0.3 -18.1 -24.4 -88.2 AAA 2027-12-13 - 2.98 80
5.566 -1.2 0.4 -29.6 -25.9 -89.4 AA- 2027-02-22 3.215 3.23 60
5.814 -1.5 -1.0 -35.7 -23.4 -79.6 AA0 2025-07-14 3.288 3.31 40
3.116 -0.5 -1.8 -14.2 -13.3 -70 AA0 2029-09-12 3.078 3.16 40
3.035 -1.0 -2.3 -32.0 -21.7 -71.7 AAA 2025-05-20 3.289 3.42 30
3.047 -1.2 -0.8 -34.7 -20.7 -77.1 AA0 2026-11-29 3.034 3.06 30
3.141 -0.5 -1.4 -14.2 -13.1 -73.6 AA- 2026-10-07 3.21 3.22 30
3.124 -1.2 -1.7 -30.5 -19.6 -73.1 AA+ 2026-02-24 3.091 3.06 22
3.143 -1.3 -0.7 -33.4 -18.5 -84.7 AA- 2026-09-11 3.091 3.1 20
3.167 -0.5 -1.2 -14.2 -12.8 -75 AAA 2026-01-18 3.049 3.08 20
3.151 -1.2 -1.7 -30.8 -20.6 -74.5 S-Oil58-1 AA0 2027-02-17 3.032 3.05 20
3.204 -1.1 -0.5 -33.3 -18.9 -84.8 AAA 2027-04-23 3.141 3.19 20
3.196 -0.5 -1.3 -14.2 -12.8 -75.9 AA- 2026-08-11 3.186 3.22 20
3.199 -1.2 -1.7 -30.8 -20.5 -76.2 AA0 2031-02-16 3.116 3.13 20
3.307 -1.1 -0.5 -33.2 -19.0 -85.7 AA0 2054-11-12 4.45 4.55 11
26-12-1327-06-1325-12-1026-12-1034-06-10
29-12-1327-06-1329-12-1327-12-1329-12-13
34-06-1027-12-1025-12-1329-09-1027-12-13
27-09-1034-06-1026-10-0227-06-1330-06-10
2.872.862.672.662.79
3.012.962.952.982.90
2.772.553.312.643.16
2.662.792.662.862.78
31020013011096846
25020011010090750
124122706140417
10993705035357
2.0
2.5
1.0
2.0
9.5
2.8
5.0
2.5
5.0
3.0
5.0
4.1
9.5
3.0
1.0
4.7
3.0
4.8
2.7
9.5
1.8
2.5
5.5
4.6
30-06-1025-05-0174-09-1025-02-1726-07-02
25-12-1025-10-0226-03-0325-12-1031-12-10
28-03-1026-12-1030-06-1028-09-1025-01-02
26-09-1025-06-1025-12-1026-09-1026-06-10
2.783.302.403.372.70
2.662.672.682.662.81
2.692.662.782.703.18
2.662.852.702.672.72
-80-40-35-30-20-205
-100-50-50-40-40-280
-118-85-30-20-20-273
-50-50-50-29-11-189
5.5
0.4
49.8
0.2
1.6
10.9
1.0
0.8
1.2
1.0
7.0
1.9
3.2
2.0
5.5
3.7
0.1
2.9
1.7
0.5
1.0
1.7
1.5
1.2
