20 Dec. 2024
▪ 10Y 2,000 2.665
▪ 91d 5,000 2.950
▪ 3Y 8,000 2.720
0 0 0 0 0 0.000
0 0 0 0 0 0.000
KR Market
KR Bond(%,bp) YTM 1D 1W 1M
CD91D 3.390 1.0 8.0 -5.0
2.683 1.7 -0.6 -15.8 3,000 2.980 2.960
2.705 5.5 3.5 -23.5 2,800 - 2.966 AAA
2.600 6.0 5.3 -28.7 2,000 4.400 - AAA
2.730 7.5 10.0 -20.5 2,000 7.850 - BBB0
2.810 7.5 11.0 -22.5 2,000 5.050 5.977
2.752 4.2 15.4 -23.1 1,600 - 2.930 AAA
KR Credit(%,bp) YTM 1D 1W 1M 1,200 1.000 - AAA
3.336 5.5 6.6 -14.1 1,000 3.030 3.022 AAA
3.268 5.2 5.7 -18.0 1,000 3.340 3.303 AA-
6.623 5.6 5.3 -22.3 800 - 2.930 AAA
KTB Futures(tick) 1D 1W
KTBF 3Y 106.9 -23.0 7.0 (십억계약,%,년)
LKTBF 10Y 118.0 -86.0 -126.0
KR Stock(%) Index 1D 1W 1M
KOSPI 2,435.9 -1.95 -1.86 -1.46
KOSDAQ 684.4 -1.89 0.15 -0.26
FX Market(%) Price 1D 1W 1M
1,451.9 1.14 1.40 4.39
921.7 -1.64 -1.73 1.62
IRS(%) 1D(bp) CRS(%) 1D(bp) Spread(bp) 1D(bp)
1Y 2.835 3.8 1Y 2.680 3 15.2 2.1
2Y 2.700 6.8 2Y 2.560 6 -0.5 1.3
3Y 2.650 7.2 3Y 2.555 5.5 5.0 1.2
5Y 2.643 7.3 5Y 2.515 5.5 -8.7 -0.2
10Y 2.685 6.7 10Y 2.540 5.5 -12.5 -0.8
US Bond Market
US Bond(%,bp) YTM 1D 1W 1M
UST2Y 4.314 -4.7 11.9 2.9
UST5Y 4.412 0.7 22.8 14.8
UST10Y 4.563 4.5 23.4 16.2
UST30Y 4.748 6.9 20.1 16.4
KR Credit Market (계약수)
Bond Yield(%, bp) Yield 1D 1W 1M 3M 1Y
3.019 1.8 1.6 -19.7 -20.2 -71.2 6,315 -132 1,001 -20,715 13,608
2.930 5.9 6.2 -21.6 -17.8 -66.5 7,115 -925 -4,119 -59,441 58,325
3.027 7.3 10.2 -15.5 -10.8 -54.7
3.022 2.0 2.6 -22.8 -21.6 -73.5 Fund Flow (십억원)
2.963 5.9 6.2 -21.1 -17.4 -74.2 1D 1W 1M YTD
3.057 7.3 10.4 -18.3 -13.3 -73.8 MMF* 190,091 587 -606 -12,396 19,033
3.238 2.0 2.0 -11.7 -11.0 -65.6 179,051 14 296 2,481 42,468
3.244 5.5 6.6 -13.9 -10.2 -71.8 125,131 256 2,001 6,652 21,263
3.388 7.2 11.2 -17.0 -12.7 -72.5 1,713,586 -7,998 172 7,976 96,993
3.316 2.5 2.5 -11.5 -12.4 -73.9 60,518 -529 -1,565 1,568 -10,058
3.336 5.5 6.6 -14.1 -12.4 -83.1 *는 T-2일 기준, 펀드는 설정액 및 ETF 제외 기준
3.496 7.2 11.2 -17.0 -13.7 -82.4 **는 T-4일 기준
3.994 2.0 1.5 -14.8 -21.4 -92.2
4.203 5.5 5.8 -17.6 -20.1 -88.4 (십억원)
4.611 7.2 10.7 -18.5 -14.7 -68.2
4.711 2.0 1.5 -14.8 -21.9 -90.2 AA- 2027-12-17 - 3.39 140
4.996 5.5 5.8 -17.6 -20.1 -84.9 - 2031-06-10 - 2.75 45
5.295 7.2 10.7 -18.5 -14.7 -67.2 AA0 2025-01-30 3.49 3.66 41
5.283 2.0 1.5 -14.8 -21.4 -89.2 SK296-2 AA+ 2026-06-04 3.053 3.13 40
5.636 5.5 5.8 -17.1 -19.1 -80.9 AA- 2026-10-08 3.207 3.25 30
5.936 7.2 10.7 -18.5 -14.7 -66.4 AA+ 2026-02-06 3.16 3.19 30
3.126 1.9 0.5 -13.7 -12.7 -72.4 AA0 2027-01-25 3.065 3.07 30
3.108 5.5 6.3 -19.5 -16.3 -64.8 AAA 2026-05-27 2.956 3.04 30
3.166 7.5 10.7 -18.0 -12.6 -63.7 AA+ 2025-05-27 3.278 3.37 30
3.158 2.0 1.2 -12.5 -11.7 -75.5 AA- 2025-03-17 3.59 3.67 30
3.192 5.3 5.6 -18.1 -14.7 -66.2 AAA 2027-09-06 3.147 3.2 20
3.264 7.6 10.8 -16.2 -10.4 -70.8 AA+ 2026-09-11 3.242 3.26 20
3.184 2.0 1.2 -12.5 -11.3 -77 AA0 2025-01-24 3.407 3.74 20
3.219 5.3 5.6 -18.1 -15.5 -67.6 AA- 2026-11-27 3.302 3.32 20
3.325 7.7 11.0 -16.0 -10.8 -71 S-Oil59-2 AA0 2030-06-19 3.094 3.16 20
3.213 2.0 1.2 -12.5 -11.3 -78.1 A+ 2099-12-31 4.986 4.92 12
3.268 5.2 5.7 -18.0 -15.4 -69.2 AA- 2025-01-17 3.32 3.6 5
3.429 7.6 11.1 -15.9 -10.8 -71.7 - 2028-06-21 3.364 4.35 5
26-12-1926-10-0227-06-1026-07-0226-06-10
34-06-1033-12-1054-09-1054-12-1927-12-17
27-06-1026-12-1929-09-1025-12-1934-12-10
26-06-1030-06-1054-09-1027-09-1026-06-10
2.902.712.672.742.74
2.932.962.692.763.39
2.672.902.733.202.81
2.732.862.682.732.73
170110100100100580
2352052148040774
144100766054434
11031161010177
2.0
1.8
2.5
1.5
1.5
1.9
9.5
9.0
29.7 30.0
3.0
16.7
2.5
2.0
4.7
1.0
10.0
3.5
1.5
5.5
29.7
2.7
1.5
4.8
25-04-0230-06-1026-08-2625-03-1125-09-10
26-07-0227-03-1040-09-1029-09-1031-06-10
26-10-0225-07-1925-12-1026-04-0226-06-10
26-12-1052-03-1051-03-1025-12-1027-12-10
2.832.892.913.482.61
2.742.742.852.742.93
2.713.242.692.722.74
2.742.702.462.722.75
-30-30-20-20-20-120
-120-70-40-19-20-269
-90-50-20-20-20-200
-29-10-11-2-2-53
0.3
5.5
1.7
0.2
0.7
1.9
1.5
2.2
15.7 4.7
6.5
4.4
1.8
0.6
1.0
1.3
1.5
1.3
2.0
27.2
26.2
1.0
3.0
11.6
