16 Jan. 2025
▪ 3y 25,000 2.625
▪ 91d 10,000 2.880
▪ 5y 22,000 2.725
3y 19,800 2.760
0 0 0 0 0 0.000
KR Market
KR Bond(%,bp) YTM 1D 1W 1M
CD91D 2.990 -1.0 -5.0 -39.0
2.649 1.0 1.2 -3.5 3,500 3.259 3.295 AA-
2.678 2.3 7.4 1.4 3,000 2.730 2.802 AAA
2.680 3.3 18.0 12.9 2,000 2.760 2.772 AAA
2.782 4.5 13.5 13.2 1,800 2.790 2.804 AAA
2.874 2.9 8.9 16.2 1,600 3.137 3.137 AA+
2.744 1.2 2.0 10.9 1,500 3.044 3.084 AAA
KR Credit(%,bp) YTM 1D 1W 1M 1,062 2.857 2.909 AAA
3.324 1.8 10.8 4.3 900 2.910 2.895 AAA
3.328 3.2 15.6 11.4 500 2.820 2.819 AAA
6.668 3.0 15.4 9.5 500 4.483 5.085 A-
KTB Futures(tick) 1D 1W
KTBF 3Y 106.5 -11.0 -48.0 (십억계약,%,년)
LKTBF 10Y 116.8 -46.0 -121.0
KR Stock(%) Index 1D 1W 1M
KOSPI 2,496.8 -0.02 -0.96 0.31
KOSDAQ 711.6 -0.90 -1.11 1.87
FX Market(%) Price 1D 1W 1M
1,461.2 -0.14 0.43 1.83
927.9 -0.03 0.55 -0.77
IRS(%) 1D(bp) CRS(%) 1D(bp) Spread(bp) 1D(bp)
1Y 2.765 1.5 1Y 2.680 -0.5 11.6 0.5
2Y 2.703 2.5 2Y 2.625 -1 2.5 0.2
3Y 2.705 2.7 3Y 2.655 -2.5 2.5 -0.6
5Y 2.758 3.0 5Y 2.695 -2.5 -2.5 -1.5
10Y 2.833 3.3 10Y 2.705 -2.5 -4.2 0.4
US Bond Market
US Bond(%,bp) YTM 1D 1W 1M
UST2Y 4.268 -10.1 -1.9 1.3
UST5Y 4.449 -14.9 -1.4 18.9
UST10Y 4.650 -14.4 -4.2 24.8
UST30Y 4.870 -10.7 -6.4 26.9
KR Credit Market (계약수)
Bond Yield(%, bp) Yield 1D 1W 1M 3M 1Y
2.819 0.0 -5.4 -18.9 -38.3 -72.7 726 2 -176 -2,507 499
2.924 2.9 12.8 4.8 -23.4 -66.9 4,599 1,999 4,028 -6,797 -8,390
3.025 4.0 10.8 7.9 -17.9 -56.3
2.851 0.9 -2.1 -15.6 -35.1 -70.6 Fund Flow (십억원)
2.973 3.2 13.8 6.4 -21.5 -72.4 1D 1W 1M YTD
3.085 4.3 11.4 10.9 -17.5 -72.6 MMF* 201,036 2,047 -352 10,786 29,979
3.048 0.0 -5.5 -17.5 -26.0 -71.4 175,556 723 2,693 -3,356 38,973
3.232 1.8 10.8 4.3 -14.1 -76.8 127,876 56 139 3,427 24,008
3.420 4.0 11.5 11.9 -16.0 -72.3 1,705,674 -5,521 -8,011 -12,948 89,081
3.126 0.0 -5.5 -17.0 -26.6 -79.7 61,306 -856 321 -395 -9,270
3.324 1.8 10.8 4.3 -14.7 -89.8 *는 T-2일 기준, 펀드는 설정액 및 ETF 제외 기준
3.528 4.0 11.5 11.9 -16.2 -81.2 **는 T-4일 기준
3.824 0.0 -4.0 -15.5 -33.1 -97.5
4.206 1.8 12.8 5.8 -20.9 -90.6 (십억원)
4.648 4.0 12.0 12.4 -17.2 -66.5
4.541 0.0 -4.0 -15.5 -33.6 -95.5 AA- 2028-01-14 - 3.260 620
4.999 1.8 12.8 5.8 -20.9 -87.1 POSCO314-2 AA+ 2028-01-14 3.069 3.100 100
5.332 4.0 12.0 12.4 -17.2 -65.5 AA0 2025-02-02 3.146 3.410 85
5.113 0.0 -4.0 -15.5 -33.1 -94.5 AA0 2025-01-24 3.259 3.130 80
5.639 1.8 12.8 5.8 -19.9 -83.6 AAA 2025-04-10 3.109 3.220 70
5.973 4.0 12.0 12.4 -17.2 -64.7 A+ 2026-03-04 3.264 3.260 60
3.007 0.9 -1.5 -11.0 -23.9 -69.1 AA0 2025-02-14 3.151 3.400 50
3.147 2.4 13.3 9.6 -17.6 -60.3 AA- 2025-02-21 3.398 3.350 50
3.185 3.9 11.2 10.4 -18.4 -62 AAA 2028-03-27 3.045 3.040 50
3.041 0.9 -1.6 -10.4 -22.1 -73.4 - 2025-04-11 - 3.600 40
3.253 3.1 15.5 11.4 -13.6 -62 AAA 2026-11-20 2.955 2.950 40
3.282 3.5 10.9 10.4 -16.0 -69.8 AA- 2025-04-27 3.311 3.380 40
3.070 0.9 -1.5 -10.0 -21.5 -74.6 AA0 2029-09-12 3.160 3.100 40
3.280 3.1 15.5 11.4 -14.0 -63.5 - 2054-10-15 - 5.030 40
3.344 3.4 11.0 10.6 -15.9 -70.1 AA- 2025-11-21 3.292 3.140 30
3.101 0.9 -1.3 -9.9 -21.3 -75.5 AA- 2028-07-05 3.371 3.400 30
3.328 3.2 15.6 11.4 -14.0 -65.3 A+ 2025-02-06 3.324 3.740 30
3.448 3.4 11.0 10.7 -15.8 -70.8 AA- 2026-09-18 3.256 3.130 30
PO SCO 314-2
27-09-0326-01-1527-04-1526-03-0327-01-15
33-12-1029-01-1526-12-1026-06-1827-12-10
26-01-1528-01-1427-01-0928-01-1427-12-10
33-12-1054-09-1026-06-1030-06-1026-09-10
2.752.802.792.562.76
3.033.142.732.852.66
2.803.262.753.102.67
3.022.682.702.842.70
5901801601501501,230
10580605030325
10095503333311
6059503230231
2.6
1.0
2.2
1.1
2.0
2.1
8.9
4.0
1.9
1.4
2.9
4.7
1.0
3.0
2.0
3.0
2.9
2.2
8.9
29.7
1.4
5.4
1.7
11.2
27-04-0725-03-1225-06-0930-12-1054-09-10
34-06-1026-03-3128-03-1025-06-0534-04-17
27-06-1029-03-1026-06-1027-03-1025-10-21
25-03-1026-03-0327-12-1025-09-1051-03-10
2.793.133.002.902.70
3.002.702.812.973.04
2.712.812.702.732.89
2.722.562.652.562.71
-20-20-20-20-18-98
-52-28-30-20-10-140
-38-20-20-20-20-118
-60-30-30-29-19-169
2.2
0.2
0.4
5.9
29.7
7.2
9.4
1.2
3.2
0.4
9.3
5.1
2.4
4.2
1.4
2.1
0.8
2.2
0.1
1.1
2.9
0.7
26.2
3.9
