7 Jan. 2025
▪ 2Y 14,000 2.670
▪ 91d 12,000 2.830
▪ 0 0 0 0 0 0.000
0 0 0 0 0 0.000
0 0 0 0 0 0.000
KR Market
KR Bond(%,bp) YTM 1D 1W 1M
CD91D 3.100 -5.0 -34.0 -18.0
2.648 1.4 -4.6 -5.6 3,000 2.800 2.916 AAA
2.645 2.9 -10.7 -4.7 2,400 3.196 3.235 AAA
2.522 5.2 -7.3 -10.0 2,000 2.880 2.850 AAA
2.685 5.0 -8.0 5.1 2,000 2.855 2.787 AAA
2.820 5.5 -5.1 7.6 2,000 2.880 2.916 AAA
2.764 2.5 -11.1 11.9 1,400 2.760 2.784 AAA
KR Credit(%,bp) YTM 1D 1W 1M 1,000 2.990 2.917 AAA
3.246 4.0 -9.0 -0.8 300 4.575 5.158 A-
3.203 5.2 -7.6 -1.3 200 4.819 5.292 A-
6.547 5.3 -7.5 -3.3 100 4.566 5.173 A-
KTB Futures(tick) 1D 1W
KTBF 3Y 106.8 -15.0 13.0 (십억계약,%,년)
LKTBF 10Y 117.5 -55.0 53.0
KR Stock(%) Index 1D 1W 1M
KOSPI 2,488.6 1.91 3.72 2.49
KOSDAQ 718.0 1.73 5.86 8.56
FX Market(%) Price 1D 1W 1M
1,469.7 0.09 -0.19 3.56
925.5 -1.02 -0.75 -2.10
IRS(%) 1D(bp) CRS(%) 1D(bp) Spread(bp) 1D(bp)
1Y 2.775 1.2 1Y 2.685 2.5 12.7 -0.2
2Y 2.658 4.0 2Y 2.555 3 1.3 1.1
3Y 2.635 4.3 3Y 2.555 3 11.3 -0.9
5Y 2.658 5.0 5Y 2.605 3 -2.7 0.0
10Y 2.723 5.5 10Y 2.615 3 -9.7 0.0
US Bond Market
US Bond(%,bp) YTM 1D 1W 1M
UST2Y 4.279 -0.2 3.3 17.1
UST5Y 4.430 1.6 6.9 39.4
UST10Y 4.623 2.3 8.8 46.7
UST30Y 4.836 2.4 8.4 49.7
KR Credit Market (계약수)
Bond Yield(%, bp) Yield 1D 1W 1M 3M 1Y
2.908 -1.0 -12.1 -10.1 -32.0 -72.7 1,535 899 508 -589 -2,426
2.828 4.1 -8.2 -6.1 -37.3 -81.9 2,365 2,039 2,471 -7,895 682
2.959 4.2 -8.8 4.7 -30.1 -67.2
2.916 0.0 -12.0 -8.4 -31.9 -72.5 Fund Flow (십억원)
2.865 4.9 -7.8 -5.0 -36.6 -88.7 1D 1W 1M YTD
3.009 5.0 -8.0 6.0 -30.2 -84.1 MMF* 186,913 14,406 11,705 -6,820 14,406
3.148 -0.5 -11.5 -5.8 -19.8 -68.6 171,280 1,653 34,514 34,014 1,653
3.154 4.0 -9.0 -0.8 -26.7 -88.6 125,424 861 22,541 23,410 861
3.343 5.0 -8.0 7.2 -29.4 -83.2 1,725,583 0 2,584 15,915 108,990
3.226 -0.5 -11.5 -5.3 -20.9 -76.9 59,879 0 -304 -240 -10,696
3.246 4.0 -9.0 -0.8 -27.9 -100.9 *는 T-2일 기준, 펀드는 설정액 및 ETF 제외 기준
3.451 5.0 -8.0 7.2 -29.9 -92.6 **는 T-4일 기준
3.899 -0.5 -11.5 -7.3 -29.9 -96.2
4.108 4.0 -9.0 -2.1 -36.1 -105.7 (십억원)
4.566 5.0 -8.0 6.7 -31.4 -78.4
4.616 -0.5 -11.5 -7.3 -30.4 -94.2 - 2031-06-10 - 3.930 80
4.901 4.0 -9.0 -2.1 -36.1 -102.2 AA0 2026-01-20 3.042 3.030 60
5.250 5.0 -8.0 6.7 -31.4 -77.4 AAA 2025-11-24 3.107 3.080 50
5.188 -0.5 -11.5 -7.3 -29.9 -93.2 AA+ 2025-05-27 3.225 3.210 50
5.541 4.0 -9.0 -2.1 -35.1 -98.2 AA+ 2025-10-08 3.276 3.240 50
5.891 5.0 -8.0 6.7 -31.4 -76.6 AAA 2027-06-17 2.935 2.970 50
3.045 0.7 -8.8 -8.9 -22.1 -74 AA- 2027-01-11 3.150 3.140 50
3.047 5.4 -7.0 -1.1 -32.0 -76.6 AA- 2026-02-13 3.348 3.320 50
3.116 5.0 -8.3 6.1 -29.9 -73.5 AA0 2025-01-17 3.304 3.190 50
3.084 0.5 -9.0 -7.1 -20.2 -77.6 AAA 2027-07-02 2.938 2.970 40
3.129 5.3 -7.6 -1.2 -30.0 -79.1 AAA 2029-01-16 2.971 3.020 40
3.213 5.0 -8.5 6.3 -28.0 -81.5 AAA 2026-01-16 2.968 3.000 40
3.111 0.5 -9.0 -6.8 -19.7 -79 AA- 2025-01-17 3.487 3.230 40
3.155 5.2 -7.6 -1.3 -30.4 -80.6 A0 2025-02-10 3.388 3.420 40
3.273 5.0 -8.5 6.4 -28.1 -81.7 AA0 2026-01-12 3.122 3.100 40
3.141 0.5 -9.0 -6.8 -19.6 -80 AA- 2026-04-25 3.473 3.450 30
3.203 5.2 -7.6 -1.3 -30.4 -82.3 - 2029-12-20 - 4.890 30
3.378 5.0 -8.5 6.6 -27.9 -82.4 - 2032-06-10 - 4.090 30
25-04-0826-10-0254-09-1034-06-1028-01-06
26-06-1026-09-1025-04-0254-09-1026-03-05
25-04-0825-04-0626-01-0627-01-0626-01-02
25-04-0854-09-1025-12-1026-06-1040-09-10
2.852.682.712.962.86
2.692.702.812.712.90
2.843.202.882.882.64
2.842.702.632.692.82
570110767260888
21018517010880753
410140706050730
12081605020331
0.3
1.7
29.7
9.4
3.0
3.9
1.4
1.7
0.2
29.7
1.2
5.2
0.3
0.2
1.0
2.0
1.0
0.5
0.3
29.7
0.9
1.4
15.7
8.7
25-04-0225-09-1025-11-1427-03-2026-09-10
25-06-0552-03-1030-12-1027-12-1030-03-25
42-09-1026-06-1025-07-1127-08-2525-07-11
26-03-1027-12-1027-09-1048-03-1025-09-10
2.812.532.912.852.70
3.072.752.912.643.39
2.772.693.283.173.27
2.662.612.642.762.56
-170-60-50-40-40-360
-30-30-30-20-20-130
-90-72-30-20-20-232
-100-20-15-14-10-159
0.2
0.7
0.9
2.2
1.7
0.8
0.4
27.2
5.9
2.9
5.2
9.0
17.7
1.4
0.5
2.6
0.5
7.6
1.2
2.9
2.7
23.2
0.7
3.4
