9 Jan. 2025
▪ 2Y 14,000 2.670
▪ 91d 12,000 2.830
▪ 30y 40,000 2.705
1y 8,000 2.640
0 0 0 0 0 0.000
KR Market
KR Bond(%,bp) YTM 1D 1W 1M
CD91D 3.040 -1.0 -35.0 -24.0
2.637 0.0 -5.7 -5.8 8,000 2.640 2.637
2.604 -2.1 -14.8 -4.6 2,000 - 2.853 AAA
2.500 -1.1 -9.5 -7.4 1,500 3.720 3.194 AA-
2.647 -1.5 -11.8 7.5 1,500 3.103 3.082 AA+
2.785 -0.9 -8.6 11.3 1,000 2.880 3.022 AAA
2.724 -1.4 -15.1 15.9 1,000 3.157 3.213 AA-
KR Credit(%,bp) YTM 1D 1W 1M 1,000 3.224 3.216 AA-
3.216 -1.5 -12.0 -0.1 1,000 3.090 - AA
3.172 -1.7 -10.7 0.1 1,000 3.090 - AA
6.514 -1.5 -10.8 -2.2 900 3.254 3.216 AA-
KTB Futures(tick) 1D 1W
KTBF 3Y 106.9 8.0 4.0 (십억계약,%,년)
LKTBF 10Y 117.9 4.0 21.0
KR Stock(%) Index 1D 1W 1M
KOSPI 2,521.1 1.16 5.07 6.80
KOSDAQ 719.6 0.19 6.11 14.77
FX Market(%) Price 1D 1W 1M
1,455.0 0.10 -1.19 1.25
922.8 -0.05 -1.04 -3.28
IRS(%) 1D(bp) CRS(%) 1D(bp) Spread(bp) 1D(bp)
1Y 2.693 -3.3 1Y 2.645 -1.5 5.5 -3.3
2Y 2.608 -2.0 2Y 2.545 1.5 0.3 0.1
3Y 2.588 -2.0 3Y 2.545 1.5 8.7 -0.9
5Y 2.620 -0.7 5Y 2.595 1.5 -2.7 0.8
10Y 2.693 0.0 10Y 2.605 1.5 -9.3 0.9
US Bond Market
US Bond(%,bp) YTM 1D 1W 1M
UST2Y 4.287 -0.8 4.3 16.0
UST5Y 4.463 -0.4 8.3 38.7
UST10Y 4.692 0.5 9.1 48.6
UST30Y 4.934 1.9 14.7 54.5
KR Credit Market (계약수)
Bond Yield(%, bp) Yield 1D 1W 1M 3M 1Y
2.873 -1.3 -15.6 -13.3 -36.0 -74.1 3,498 156 -866 2,663 -4,440
2.796 -1.6 -11.4 -3.9 -43.1 -81.8 3,604 1,068 -3,488 15,855 -17,108
2.917 -1.9 -13.0 5.9 -35.1 -68
2.872 -2.0 -16.4 -12.1 -36.7 -74.3 Fund Flow (십억원)
2.835 -1.3 -10.8 -3.3 -42.0 -88.3 1D 1W 1M YTD
2.971 -1.5 -11.8 7.9 -34.9 -84.5 MMF* 201,389 4,961 34,429 3,743 30,331
3.103 -2.0 -16.0 -10.3 -24.0 -72.1 172,863 682 3,716 -5,695 36,280
3.124 -1.5 -12.0 -0.1 -31.6 -88.6 127,737 225 1,963 5,476 23,869
3.305 -1.5 -11.8 9.2 -33.0 -83.5 1,725,583 0 3,384 11,669 108,990
3.181 -2.0 -16.0 -9.8 -25.1 -80.4 59,879 0 254 -1,497 -10,696
3.216 -1.5 -12.0 -0.1 -32.3 -101.1 *는 T-2일 기준, 펀드는 설정액 및 ETF 제외 기준
3.413 -1.5 -11.8 9.2 -33.2 -92.9 **는 T-4일 기준
3.864 -1.0 -15.0 -10.8 -33.1 -99.2
4.078 -1.5 -12.0 -1.4 -40.5 -105.4 (십억원)
4.528 -1.5 -11.8 8.7 -34.7 -78.7
4.581 -1.0 -15.0 -10.8 -33.6 -97.2 AAA 2030-10-28 3.099 3.040 60
4.871 -1.5 -12.0 -1.4 -40.5 -101.9 - 2025-03-14 - 3.700 60
5.212 -1.5 -11.8 8.7 -34.7 -77.7 AA- 2026-01-18 3.156 3.110 50
5.153 -1.0 -15.0 -10.8 -33.1 -96.2 AA- 2026-05-29 3.163 3.160 40
5.511 -1.5 -12.0 -1.4 -39.5 -97.9 AAA 2025-01-17 3.200 3.240 40
5.853 -1.5 -11.8 8.7 -34.7 -76.9 AA0 2026-02-16 2.949 3.000 40
3.022 -0.6 -11.1 -10.2 -24.9 -74.5 KT196-2 AAA 2027-01-27 2.880 2.860 30
3.014 -1.7 -10.3 0.2 -37.2 -76.3 AA0 2026-01-22 3.023 3.000 30
3.073 -1.8 -12.6 7.6 -34.7 -74.1 AA- 2025-03-10 3.613 3.380 30
3.057 -0.7 -11.7 -9.2 -23.7 -78.1 AA0 2025-04-11 3.264 3.240 30
3.098 -1.6 -10.7 0.2 -35.9 -78.9 BBB+ 2026-03-06 3.248 3.250 30
3.173 -1.7 -12.5 7.9 -32.6 -81.7 AAA 2025-01-17 3.223 3.460 30
3.085 -0.6 -11.6 -8.8 -23.1 -79.4 AAA 2026-11-20 2.949 2.920 30
3.125 -1.6 -10.6 0.1 -36.3 -80.3 AA+ 2025-02-18 3.360 3.190 30
3.234 -1.6 -12.4 8.1 -32.6 -81.9 AA- 2025-02-25 3.499 3.580 30
3.114 -0.7 -11.7 -8.8 -23.2 -80.5 AAA 2026-05-29 2.907 2.890 30
3.172 -1.7 -10.7 0.1 -36.4 -82.1 AAA 2026-05-28 2.883 2.860 30
3.338 -1.7 -12.5 8.2 -32.5 -82.6 AA0 2026-03-07 2.970 2.950 30
34-06-1033-12-1054-09-1027-09-0326-06-10
34-06-1054-09-1025-07-0926-12-1727-01-02
26-05-0125-03-0825-02-0326-07-0225-03-03
27-03-1028-09-1054-09-1027-06-1030-12-10
2.942.962.702.652.67
2.972.702.752.832.60
2.783.033.042.663.03
2.652.692.692.662.83
9570706031326
180137704040467
4040303030170
5039333030182
9.4
8.9
29.7
2.7
1.4
11.7
9.4
29.7
0.5
1.9
2.0
12.7
1.3
0.2
0.1
1.5
0.1
0.6
2.2
3.7
29.7
2.4
5.9
8.2
26-01-0229-03-1027-01-1926-03-0332-12-10
25-12-1026-03-0342-09-1032-06-1027-12-10
27-06-1054-09-1025-06-1228-03-1027-03-03
25-03-1025-09-1025-12-1026-03-1028-03-10
2.652.712.752.602.95
2.622.592.772.942.51
2.622.712.992.672.67
2.852.672.642.622.67
-80-70-50-50-30-280
-150-70-40-40-40-340
-54-31-30-20-20-155
-80-31-100-113
1.0
4.2
2.0
1.1
7.9
2.7
0.9
1.1
17.7
7.4
2.9
3.9
2.4
29.7
0.4
3.2
2.1
7.6
0.2
0.7
0.9
1.2
3.2
0.3
