3 Jan. 2025
▪ 2Y 30,000 2.700
▪ 0 0 0 0 0 0.000
▪ 0 0 0 0 0 0.000
0 0 0 0 0 0.000
0 0 0 0 0 0.000
KR Market
KR Bond(%,bp) YTM 1D 1W 1M
CD91D 3.260 -13.0 -14.0 -2.0
2.657 -3.7 -4.9 -3.5 30,000 2.700 2.752
2.640 -11.2 -15.2 -1.8 5,000 2.840 2.994 AAA
2.501 -9.4 -16.9 -8.4 1,500 2.840 3.036 AAA
2.675 -9.0 -15.0 7.5 1,100 3.220 3.029 AAA
2.742 -12.9 -17.2 3.0 90 6.500 - -
2.769 -10.6 -8.1 12.4 0 ###### 1900-01-00 0 0.000 0.000 0
KR Credit(%,bp) YTM 1D 1W 1M 0 ###### 1900-01-00 0 0.000 0.000 0
3.241 -9.5 -17.0 2.9 0 ###### 1900-01-00 0 0.000 0.000 0
3.185 -9.4 -16.3 0.4 0 ###### 1900-01-00 0 0.000 0.000 0
6.527 -9.5 -16.7 -1.7 0 ###### 1900-01-00 0 0.000 0.000 0
KTB Futures(tick) 1D 1W
KTBF 3Y 106.9 24.0 26.0 (십억계약,%,년)
LKTBF 10Y 117.7 75.0 88.0
KR Stock(%) Index 1D 1W 1M 27-01-02 2.70 230 2 .0 25-12-10 2.66 -90 0 .9
KOSPI 2,398.9 -0.02 -1.26 -4.05 27-12-10 2.64 90 2 .9 26-10-02 2.70 -90 1 .7
33-12-10 2.99 70 8 .9 25-06-10 2.71 -70 0 .4
KOSDAQ 686.6 1.24 1.63 -0.60 26-01-02 3.22 50 1 .0 27-06-10 2.64 -60 2 .4
FX Market(%) Price 1D 1W 1M 29-12-10 2.81 40 4 .9 25-02-05 3.24 -50 0 .1
480 3 .3 -360 1 .2
1,466.6 -0.40 0.12 4.54
938.5 0.64 0.47 -1.11
34-06-10 2.96 64 9 .4 26-10-02 2.69 -190 1 .7
54-09-10 2.72 49 2 9.7 26-06-15 2.80 -160 1 .4
IRS(%) 1D(bp) CRS(%) 1D(bp) Spread(bp) 1D(bp) 44-09-10 2.78 20 1 9.7 25-12-10 2.66 -142 0 .9
43-09-10 2.80 17 1 8.7 27-12-10 2.64 -90 2 .9
1Y 2.778 -8.5 1Y 2.690 -5 12.1 -4.8 31-12-10 2.91 11 6 .9 26-12-10 2.69 -90 1 .9
2Y 2.643 -8.5 2Y 2.545 -7 0.2 2.7 161 1 7.7 -672 1 .7
3Y 2.620 -8.5 3Y 2.550 -7 11.9 0.9
5Y 2.638 -8.3 5Y 2.590 -7 -3.7 0.8 26-01-02 2.92 120 1 .0 29-12-10 2.85 -80 4 .9
26-01-02 2.92 70 1 .0 54-03-10 2.99 -37 2 9.2
10Y 2.698 -8.3 10Y 2.600 -7 -4.5 4.7 30-12-10 2.91 58 5 .9 25-06-30 3.36 -30 0 .5
25-02-05 3.24 50 0 .1 25-07-03 3.23 -30 0 .5
34-06-10 2.95 36 9 .4 26-06-10 2.74 -23 1 .4
US Bond Market 334 2 .6 -200 7 .7
US Bond(%,bp) YTM 1D 1W 1M
UST2Y 4.223 -2.1 -11.1 4.1 25-12-10 2.65 350 0 .9 25-06-10 2.76 -175 0 .4
UST5Y 4.356 -2.4 -7.9 24.3 33-12-10 3.08 140 8 .9 25-09-10 2.60 -80 0 .7
29-12-10 2.83 110 4 .9 28-12-10 2.78 -70 3 .9
UST10Y 4.550 -5.1 -3.6 32.3 32-12-10 2.95 77 7 .9 29-06-10 2.79 -70 4 .4
UST30Y 4.777 -1.0 0.4 37.3 29-12-10 2.83 70 4 .9 25-12-10 2.70 -62 0 .9
747 4 .1 -457 1 .7
KR Credit Market (계약수)
Bond Yield(%, bp) Yield 1D 1W 1M 3M 1Y
2.959 -7.0 -8.2 -4.3 -21.7 -72.6 -3,732 -69 477 3,175 -188
2.820 -9.0 -16.9 -3.2 -28.0 -82.2 -4,517 834 1,815 -12,399 13,444
2.960 -8.7 -14.7 8.2 -20.2 -67.7
2.959 -7.7 -9.6 -3.9 -23.0 -73.2 Fund Flow (십억원)
2.849 -9.4 -17.0 -2.9 -27.9 -90.5 1D 1W 1M YTD
2.999 -9.0 -15.0 8.3 -21.4 -85.9 MMF* 166,960 -766 -10,166 -30,980 -4,098
3.193 -7.0 -7.5 -0.3 -9.8 -67.1 169,147 306 -5,373 -8,766 32,564
3.149 -9.5 -17.0 2.9 -17.9 -88.1 125,774 31 738 4,732 21,906
3.333 -9.0 -15.0 9.7 -19.7 -84.7 1,722,199 5,321 6,298 12,531 105,607
3.271 -7.0 -7.5 0.2 -10.9 -75.4 59,625 -813 -1,881 -494 -10,951
3.241 -9.5 -17.0 2.9 -19.1 -100.4 *는 T-2일 기준, 펀드는 설정액 및 ETF 제외 기준
3.441 -9.0 -15.0 9.7 -20.2 -94.1 **는 T-4일 기준
3.944 -7.0 -7.5 -1.8 -19.9 -94.7
4.103 -9.5 -17.0 1.6 -27.3 -105.2 (십억원)
4.556 -9.0 -15.0 9.2 -21.7 -79.9
4.661 -7.0 -7.5 -1.8 -20.4 -92.7 AAA 2026-06-04 3.017 2.98 80
4.896 -9.5 -17.0 1.6 -27.3 -101.7 AA0 2025-05-27 3.422 3.27 50
5.240 -9.0 -15.0 9.2 -21.7 -78.9 AA0 2026-10-07 3.09 2.99 50
5.233 -7.0 -7.5 -1.8 -19.9 -91.7 AAA 2025-05-23 3.391 3.25 40
5.536 -9.5 -17.0 1.6 -26.3 -97.7 AAA 2025-01-17 3.374 3.36 40
5.881 -9.0 -15.0 9.2 -21.7 -78.1 AA0 2025-10-27 3.278 3.24 40
3.072 -6.1 -7.9 -5.7 -14.5 -75.6 AA- 2025-09-19 3.457 3.31 40
3.025 -9.2 -16.3 0.5 -24.5 -78.8 AA0 2029-12-04 3.261 3.14 40
3.106 -9.3 -15.3 8.5 -21.1 -75.8 AA- 2025-02-16 3.388 3.41 40
3.114 -6.0 -7.7 -3.1 -12.5 -78.5 AAA 2027-11-29 3.048 2.99 40
3.111 -9.4 -16.1 0.6 -22.5 -80.3 AA+ 2025-02-07 3.431 3.3 30
3.203 -9.5 -15.5 8.8 -19.2 -83.4 AAA 2025-01-17 3.327 3.4 30
3.141 -6.0 -7.8 -2.8 -12.0 -79.9 AA+ 2025-02-20 3.319 3.26 30
3.138 -9.3 -16.1 0.6 -22.9 -81.6 AA- 2025-04-27 3.48 3.38 30
3.263 -9.5 -15.5 8.9 -19.3 -83.7 AA- 2025-02-21 3.568 3.43 30
3.171 -6.0 -7.7 -2.8 -12.0 -80.9 - 2030-01-23 - 2.38 20
3.185 -9.4 -16.3 0.4 -23.0 -83.4 AA0 2025-02-14 3.442 3.39 20
3.368 -9.5 -15.5 9.1 -19.2 -84.3 AA- 2025-02-17 3.505 3.56 20
