21 Jan. 2025
▪ 10y 24,000 2.840
▪ 91d 12,000 2.810
▪ 0 0 0 0 0 0.000
0 0 0 0 0 0.000
0 0 0 0 0 0.000
KR Market
KR Bond(%,bp) YTM 1D 1W 1M
CD91D 2.990 0.0 -1.0 -40.0
2.636 1.6 -1.6 -4.8 12,000 2.810 2.872
2.631 3.3 -5.0 -9.4 3,200 - 3.168 AA+
2.621 3.4 -4.4 0.9 2,200 2.830 2.838 AAA
2.715 2.5 -4.0 -4.5 1,800 - 2.953 AAA
2.865 5.1 -1.0 0.5 1,800 - 2.953 AAA
2.745 1.8 -3.1 -4.6 1,800 - 3.201 AA+
KR Credit(%,bp) YTM 1D 1W 1M 1,500 - 2.851 AAA
3.241 2.5 -9.0 -10.7 1,500 2.903 2.953 AAA
3.242 1.7 -6.9 -4.0 1,500 2.961 3.068 AAA
6.598 3.0 -6.0 -3.7 1,400 - 3.242 AA-
KTB Futures(tick) 1D 1W
KTBF 3Y 106.8 -7.0 15.0 (십억계약,%,년)
LKTBF 10Y 117.9 3.0 62.0
KR Stock(%) Index 1D 1W 1M
KOSPI 2,520.1 -0.14 1.22 4.82
KOSDAQ 727.7 0.41 2.75 8.88
FX Market(%) Price 1D 1W 1M
1,451.7 -0.45 -1.30 0.02
922.1 -1.48 -1.13 -0.20
IRS(%) 1D(bp) CRS(%) 1D(bp) Spread(bp) 1D(bp)
1Y 2.710 1.3 1Y 2.640 0.5 7.4 -0.3
2Y 2.625 1.8 2Y 2.540 1 -0.6 -1.5
3Y 2.615 1.5 3Y 2.555 0.5 -0.6 -1.9
5Y 2.650 0.7 5Y 2.580 -1 -6.5 -1.8
10Y 2.730 0.2 10Y 2.575 -1 -13.5 -4.9
US Bond Market
US Bond(%,bp) YTM 1D 1W 1M
UST2Y 4.287 0.0 -9.7 -2.5
UST5Y 4.435 0.0 -16.5 5.6
UST10Y 4.629 0.0 -15.5 10.3
UST30Y 4.859 0.0 -10.5 13.6
KR Credit Market (계약수)
Bond Yield(%, bp) Yield 1D 1W 1M 3M 1Y
2.792 1.4 -4.8 -23.4 -39.1 -76.9 -520 -804 -1,432 2,352 -4
2.851 2.1 -7.1 -9.2 -34.0 -80.6 -4,611 -2,581 -6,123 12,346 1,436
2.953 2.5 -5.3 -10.4 -30.1 -71
2.838 1.8 -1.0 -19.4 -35.9 -74.1 Fund Flow (십억원)
2.912 3.4 -4.9 -6.4 -31.9 -85.2 1D 1W 1M YTD
3.014 2.4 -4.8 -7.3 -30.1 -87.7 MMF* 205,162 -639 6,241 15,071 34,105
3.013 1.0 -6.0 -23.5 -28.5 -76.4 176,953 678 2,621 -2,098 40,370
3.149 2.5 -9.0 -10.7 -26.9 -92.1 129,464 308 559 4,333 25,596
3.343 2.0 -6.0 -7.5 -29.4 -89 1,701,840 -3,834 -9,842 -11,747 85,247
3.091 1.0 -6.0 -23.5 -29.1 -84.7 61,277 52 -605 759 -9,298
3.241 2.5 -9.0 -10.7 -27.3 -105.4 *는 T-2일 기준, 펀드는 설정액 및 ETF 제외 기준
3.451 2.0 -6.0 -7.5 -29.4 -97.9 **는 T-4일 기준
3.789 1.0 -6.0 -21.5 -35.1 -102.5
4.133 2.5 -8.0 -8.2 -32.0 -105.2 (십억원)
4.571 2.0 -6.0 -7.0 -30.4 -83.2
4.506 1.0 -6.0 -21.5 -35.6 -100.5 AA- 2029-12-21 - 4.550 600
4.926 2.5 -8.0 -8.2 -32.0 -101.7 AA0 2028-01-20 - 2.980 110
5.255 2.0 -6.0 -7.0 -30.4 -82.2 POSCO313-2 AA+ 2026-01-12 2.886 2.920 90
5.078 1.0 -6.0 -21.5 -35.1 -99.5 2026-01-20 - 4.450 60
5.566 2.5 -8.0 -8.2 -31.0 -98.2 A+ 2025-02-07 3.172 3.580 40
5.896 2.0 -6.0 -7.0 -30.4 -81.4 AA0 2027-01-20 - 2.990 40
2.980 1.3 -3.7 -14.7 -25.0 -74 AA- 2026-01-28 2.965 2.950 30
3.068 2.4 -7.2 -5.3 -30.0 -75.5 AA- 2025-02-28 3.302 3.190 30
3.110 2.2 -5.5 -8.6 -32.0 -77.7 AA- 2025-02-14 3.297 3.190 30
3.020 1.3 -3.1 -14.1 -22.7 -77.3 AAA 2025-03-28 3.123 3.200 30
3.168 1.8 -6.9 -3.8 -26.8 -78 KT&G2-1 AAA 2025-09-12 3.031 3.060 30
3.201 1.8 -6.8 -9.3 -30.2 -86.9 KT&G2-2 AAA 2026-09-11 2.831 2.850 30
3.049 1.3 -3.1 -14.0 -22.0 -78.5 AA0 2026-04-27 2.893 2.880 30
3.195 1.8 -6.8 -3.8 -27.1 -79.5 AA0 2026-08-28 2.999 2.970 30
3.264 1.9 -6.5 -9.1 -30.0 -87.1 AA0 2027-10-04 2.997 3.000 30
3.080 1.3 -2.9 -13.8 -21.8 -79.4 AA- 2026-05-12 3.148 3.080 20
3.242 1.7 -6.9 -4.0 -27.2 -81.4 AA+ 2025-07-31 3.221 3.130 20
3.368 1.8 -6.6 -9.1 -29.8 -87.8 A+ 2025-02-24 3.191 3.190 20
25-04-2226-01-2026-01-0227-07-2029-09-10
29-12-2125-04-0825-04-2234-12-1033-12-10
34-12-1027-07-2027-07-2028-01-2026-01-20
54-09-1028-03-1043-09-1044-09-1025-04-22
2.852.802.642.742.69
4.552.862.852.872.91
2.863.053.093.092.83
2.662.662.772.742.83
250160707050600
440310210118601,138
9290806050372
44070101010540
0.3
1.0
1.0
2.5
4.6
1.2
4.9
0.2
0.3
9.9
8.9
3.5
9.9
2.5
2.5
3.0
1.0
4.2
29.7
3.1
18.6
19.7
0.3
25.3
PO SCO 313-2
54-09-1026-01-1254-03-1027-12-1027-06-10
26-01-0227-12-1052-09-1027-06-1025-09-10
25-04-0842-09-1025-07-1826-12-1027-03-25
31-12-1026-06-1025-03-1026-09-1025-07-02
2.662.922.702.592.63
2.632.692.722.652.81
2.862.753.002.662.79
2.882.682.672.662.72
-304-30-25-20-15-394
-190-50-40-35-30-345
-310-82-40-20-20-472
-101-72-60-40-20-293
29.7
1.0
29.2
2.9
2.4
25.0
1.0
2.9
27.7
2.4
0.6
4.4
0.2
17.6
0.5
1.9
2.2
3.4
6.9
1.4
0.1
1.6
0.4
3.0
