17 Jan. 2025
▪ 3y 25,000 2.625
▪ 91d 10,000 2.880
▪ 5y 22,000 2.725
3y 19,800 2.760
0 0 0 0 0 0.000
KR Market
KR Bond(%,bp) YTM 1D 1W 1M
CD91D 2.990 0.0 -1.0 -39.0
2.632 -1.7 0.7 -4.9 1,600 3.113 3.268 AA-
2.625 -5.3 4.5 -9.0 700 2.830 2.803 AAA
2.625 -5.5 12.9 0.7 500 3.128 3.176 AA-
2.725 -5.7 9.0 -0.7 300 3.013 3.063 AA-
2.810 -6.4 1.6 2.0 300 3.047 3.094 AA-
2.720 -2.4 1.0 -1.6 300 3.245 3.261 AA-
KR Credit(%,bp) YTM 1D 1W 1M 300 3.550 - -
3.259 -6.5 5.3 -9.2 200 3.038 3.086 AA-
3.268 -6.0 10.3 -1.6 200 3.237 3.253 AA-
6.608 -6.0 10.5 -3.0 200 4.784 5.210 A-
KTB Futures(tick) 1D 1W
KTBF 3Y 106.7 18.0 -12.0 (십억계약,%,년)
LKTBF 10Y 117.5 74.0 11.0
KR Stock(%) Index 1D 1W 1M
KOSPI 2,527.5 1.23 0.22 2.88
KOSDAQ 724.2 1.77 0.10 4.29
FX Market(%) Price 1D 1W 1M
1,456.7 -0.31 -0.26 1.24
935.3 0.80 1.26 0.27
IRS(%) 1D(bp) CRS(%) 1D(bp) Spread(bp) 1D(bp)
1Y 2.728 -3.8 1Y 2.640 -4 9.5 -2.1
2Y 2.645 -5.8 2Y 2.575 -5 2.0 -0.5
3Y 2.640 -6.5 3Y 2.585 -7 1.5 -1.0
5Y 2.688 -7.0 5Y 2.620 -7.5 -3.8 -1.3
10Y 2.760 -7.3 10Y 2.620 -8.5 -5.0 -0.9
US Bond Market
US Bond(%,bp) YTM 1D 1W 1M
UST2Y 4.232 -3.6 -3.2 -1.7
UST5Y 4.398 -5.1 -6.3 13.4
UST10Y 4.614 -4.1 -7.6 21.4
UST30Y 4.858 -2.3 -7.4 26.7
KR Credit Market (계약수)
Bond Yield(%, bp) Yield 1D 1W 1M 3M 1Y
2.791 -2.8 -4.1 -22.0 -42.1 -76.4 2,905 -871 -5,873 -5,423 10,404
2.867 -5.7 7.6 -7.7 -30.6 -76.1 -741 741 80 -12,722 9,290
2.965 -6.0 6.0 -6.3 -27.0 -66.5
2.832 -1.9 -1.3 -17.8 -38.5 -73 Fund Flow (십억원)
2.916 -5.7 8.9 -6.0 -28.8 -81.9 1D 1W 1M YTD
3.027 -5.8 7.0 -3.1 -26.5 -82.7 MMF* 203,366 2,330 1,023 13,190 32,309
3.023 -2.5 -5.5 -20.5 -30.0 -74.9 175,882 326 2,661 -3,096 39,298
3.167 -6.5 5.3 -9.2 -22.4 -86.8 127,696 -180 -523 2,968 23,828
3.358 -6.2 7.0 -2.5 -25.4 -83.2 1,705,674 -5,521 -8,011 -12,948 89,081
3.101 -2.5 -5.5 -20.0 -30.6 -83.2 61,306 -856 321 -395 -9,270
3.259 -6.5 5.3 -9.2 -23.0 -100.1 *는 T-2일 기준, 펀드는 설정액 및 ETF 제외 기준
3.466 -6.2 7.0 -2.5 -25.4 -92.1 **는 T-4일 기준
3.799 -2.5 -5.0 -18.5 -37.1 -101
4.146 -6.0 7.3 -7.2 -28.7 -100.4 (십억원)
4.586 -6.2 7.0 -2.0 -26.4 -77.4
4.516 -2.5 -5.0 -18.5 -37.6 -99 AA- 2028-01-14 - 3.140 130
4.939 -6.0 7.3 -7.2 -28.7 -96.9 AAA 2032-07-28 3.326 3.220 60
5.270 -6.2 7.0 -2.0 -26.4 -76.4 AA0 2025-01-24 3.250 3.170 40
5.088 -2.5 -5.0 -18.5 -37.1 -98 AA- 2030-01-16 - 3.300 40
5.579 -6.0 7.3 -7.2 -27.7 -93.4 - 2025-03-14 - 3.700 40
5.911 -6.2 7.0 -2.0 -26.4 -75.6 AAA 2025-12-23 2.937 2.790 30
2.983 -2.4 -2.3 -13.8 -27.9 -72 AAA 2027-11-27 3.036 2.980 30
3.083 -6.4 8.1 -4.0 -25.9 -70.8 AAA 2029-03-25 3.053 2.980 30
3.123 -6.2 6.3 -3.8 -27.9 -72.4 AAA 2027-06-03 3.008 2.940 30
3.024 -1.7 -1.6 -12.6 -25.3 -75.6 AAA 2025-05-28 3.106 2.920 30
3.193 -6.0 10.3 -1.6 -21.4 -72.1 A0 2025-02-10 3.299 3.720 30
3.218 -6.4 5.9 -4.0 -25.7 -80.9 AA+ 2026-10-13 2.949 2.950 30
3.053 -1.7 -1.5 -12.2 -24.7 -76.8 AA- 2027-04-29 3.457 3.300 30
3.220 -6.0 10.3 -1.6 -21.8 -73.6 AA- 2028-02-23 3.232 3.240 30
3.280 -6.4 6.1 -3.9 -25.6 -81.2 POSCO314-2 AA+ 2028-01-14 3.102 3.080 30
3.084 -1.7 -1.3 -12.1 -24.5 -77.7 AA0 2025-04-22 3.336 3.240 30
3.268 -6.0 10.3 -1.6 -21.8 -75.4 - 2025-12-01 - 3.770 24
3.385 -6.3 6.1 -3.6 -25.3 -81.8 AA- 2025-02-21 3.365 3.660 20
26-03-1029-01-1625-12-1026-01-0228-01-16
54-09-1028-01-1428-01-1433-12-1029-01-16
26-01-1627-01-1629-09-1027-08-1728-01-14
27-12-1044-09-1032-06-1027-06-1025-04-02
2.612.882.612.633.00
2.673.133.222.963.13
2.842.902.723.183.22
2.632.702.922.672.78
9190909060421
7360454040258
10063584035296
701063391
1.1
4.0
0.9
1.0
3.0
1.9
29.7
3.0
3.0
8.9
4.0
11.6
1.0
2.0
4.7
2.6
3.0
2.4
2.9
19.7
7.4
2.4
0.2
4.9
29-03-1027-03-1025-03-1229-12-1034-06-10
26-01-0225-12-1025-12-3134-06-1025-12-10
29-03-1027-12-1026-12-1026-09-1027-11-29
54-09-1031-12-1025-03-1033-06-1029-12-10
2.752.683.022.822.96
2.622.612.642.952.63
2.762.632.682.693.06
2.662.942.702.982.81
-100-60-30-20-20-230
-200-110-70-42-40-462
-56-37-35-32-30-190
-280-109-100-96-62-647
4.1
2.1
0.2
4.9
9.4
3.6
1.0
0.9
1.0
9.4
0.9
1.7
4.1
2.9
1.9
1.6
2.9
2.9
29.7
6.9
0.1
8.4
4.9
15.7
