6 Jan. 2025
▪ 0 0 0 0 0 0.000
▪ 0 0 0 0 0 0.000
▪ 0 0 0 0 0 0.000
0 0 0 0 0 0.000
0 0 0 0 0 0.000
KR Market
KR Bond(%,bp) YTM 1D 1W 1M
CD91D 3.150 -11.0 -29.0 -13.0
2.634 -2.3 -6.0 -6.8 5,000 2.790 2.917 AAA
2.616 -2.4 -14.1 -8.2 3,000 2.940 2.959 AAA
2.470 -3.1 -15.5 -15.5 2,500 2.800 2.886 AAA
2.635 -4.0 -15.0 -0.7 2,000 3.195 3.257 AAA
2.765 2.3 -12.0 0.0 2,000 2.780 - -
2.739 -3.0 -13.2 6.4 1,900 2.780 2.959 AAA
KR Credit(%,bp) YTM 1D 1W 1M 600 3.300 3.272 AA-
3.206 -3.5 -16.0 -4.6 400 3.265 3.234 AA-
3.151 -3.4 -15.5 -7.0 400 3.309 3.281 AA-
6.494 -3.3 -15.6 -9.0 140 2.000 - -
KTB Futures(tick) 1D 1W
KTBF 3Y 106.9 4.0 30.0 (십억계약,%,년)
LKTBF 10Y 118.0 33.0 121.0
KR Stock(%) Index 1D 1W 1M 26-06-10 2.68 221 1 .4 29-03-10 2.71 -90 4 .2
KOSPI 2,441.9 1.79 1.54 -0.90 27-01-03 2.80 110 2 .0 28-03-10 2.66 -60 3 .2
25-12-10 2.63 100 0 .9 28-09-10 2.68 -40 3 .7
KOSDAQ 705.8 2.79 5.97 4.23 34-06-10 2.94 64 9 .4 29-09-10 2.64 -40 4 .7
FX Market(%) Price 1D 1W 1M 30-12-10 2.84 71 5 .9 27-07-12 2.91 -30 2 .5
566 2 .9 -260 3 .8
1,468.4 0.12 0.06 4.13
935.1 -0.36 0.38 -0.56
34-06-10 2.92 56 9 .4 25-12-10 2.62 -100 0 .9
33-12-10 2.95 40 8 .9 25-12-15 2.85 -60 0 .9
IRS(%) 1D(bp) CRS(%) 1D(bp) Spread(bp) 1D(bp) 54-03-10 2.69 30 2 9.2 26-03-03 2.62 -50 1 .2
27-07-03 2.78 30 2 .5 28-06-10 2.68 -41 3 .4
1Y 2.763 -1.5 1Y 2.660 -3 12.9 0.8 26-10-02 2.66 20 1 .7 26-06-10 2.68 -40 1 .4
2Y 2.618 -2.5 2Y 2.525 -2 0.2 -0.1 175 1 0.6 -291 1 .4
3Y 2.593 -2.8 3Y 2.525 -2.5 12.3 0.3
5Y 2.608 -3.0 5Y 2.575 -1.5 -2.7 1.0 25-04-03 3.20 170 0 .2 26-12-10 2.65 -25 1 .9
29-09-10 2.64 115 4 .7 33-12-10 2.94 -19 8 .9
10Y 2.668 -3.0 10Y 2.585 -1.5 -9.8 -5.3 27-01-03 2.80 110 2 .0 25-07-15 3.33 -20 0 .5
27-06-10 2.61 79 2 .4 25-06-30 3.29 -20 0 .5
26-01-03 2.85 60 1 .0 25-07-31 3.24 -20 0 .6
US Bond Market 534 2 .0 -104 2 .4
US Bond(%,bp) YTM 1D 1W 1M
UST2Y 4.281 3.7 -5.1 14.9 29-09-10 2.65 151 4 .7 54-09-10 2.68 -48 2 9.7
UST5Y 4.414 4.3 -5.0 34.4 26-06-10 2.68 70 1 .4 27-12-10 2.48 -29 2 .9
28-03-10 2.65 40 3 .2 26-03-10 2.69 -25 1 .2
UST10Y 4.600 3.8 -2.7 41.8 25-12-10 2.64 40 0 .9 27-12-10 2.60 -20 2 .9
UST30Y 4.812 3.2 -0.7 46.6 52-03-10 2.70 14 2 7.2 30-12-10 2.85 -17 5 .9
315 4 .3 -139 1 2.2
KR Credit Market (계약수)
Bond Yield(%, bp) Yield 1D 1W 1M 3M 1Y
2.918 -4.1 -11.1 -9.2 -25.8 -73.3 4,212 280 -1,357 -1,706 -1,888
2.787 -3.3 -15.3 -10.5 -31.3 -80.4 1,180 1,475 1,616 -10,630 5,372
2.917 -4.3 -14.8 -0.3 -24.5 -66.9
2.916 -4.3 -12.4 -8.4 -27.3 -74.5 Fund Flow (십억원)
2.816 -3.3 -15.7 -10.2 -31.2 -88.5 1D 1W 1M YTD
2.959 -4.0 -14.8 0.3 -25.4 -84.6 MMF* 172,507 4,780 -4,619 -25,434 1,449
3.153 -4.0 -11.5 -5.3 -13.8 -69.1 169,628 787 -4,893 -8,285 33,044
3.114 -3.5 -16.0 -4.6 -21.4 -87.6 124,563 -1,180 -472 3,522 20,696
3.293 -4.0 -15.0 1.5 -23.7 -83.7 1,725,583 3,384 10,841 20,120 108,990
3.231 -4.0 -11.5 -4.8 -14.9 -77.4 59,879 254 -38 -884 -10,696
3.206 -3.5 -16.0 -4.6 -22.6 -99.9 *는 T-2일 기준, 펀드는 설정액 및 ETF 제외 기준
3.401 -4.0 -15.0 1.5 -24.2 -93.1 **는 T-4일 기준
3.904 -4.0 -11.5 -6.8 -23.9 -96.7
4.068 -3.5 -16.0 -5.9 -30.8 -104.7 (십억원)
4.516 -4.0 -15.0 1.0 -25.7 -78.9
4.621 -4.0 -11.5 -6.8 -24.4 -94.7 AA0 2031-05-04 3.696 3.7 120
4.861 -3.5 -16.0 -5.9 -30.8 -101.2 AA0 2025-01-24 3.402 3.22 80
5.200 -4.0 -15.0 1.0 -25.7 -77.9 AA+ 2025-10-13 3.105 3.04 80
5.193 -4.0 -11.5 -6.8 -23.9 -93.7 AA+ 2025-06-26 3.369 3.28 60
5.501 -3.5 -16.0 -5.9 -29.8 -97.2 AAA 2026-06-02 2.974 2.91 60
5.841 -4.0 -15.0 1.0 -25.7 -77.1 AA0 2025-01-26 3.304 3.26 50
3.038 -3.4 -9.7 -9.8 -17.9 -76.3 AAA 2025-12-22 3.023 2.94 50
2.993 -3.2 -14.9 -6.7 -27.7 -76.9 AAA 2027-07-30 2.962 2.96 50
3.066 -4.0 -15.3 0.4 -25.1 -74.4 AA0 2026-01-12 3.157 3.12 50
3.079 -3.5 -9.8 -7.5 -16.0 -79.5 KT196-1 AAA 2025-01-27 3.237 3.27 42
3.076 -3.5 -15.5 -6.9 -26.0 -79 SK303-1 AA+ 2025-06-09 3.322 3.22 40
3.163 -4.0 -15.5 0.6 -23.2 -82.1 AA- 2025-03-14 3.363 3.38 40
3.106 -3.5 -9.9 -7.2 -15.5 -80.9 AA0 2025-11-13 3.096 3.03 40
3.103 -3.5 -15.5 -7.0 -26.4 -80.3 AAA 2027-05-03 2.953 2.93 40
3.223 -4.0 -15.5 0.7 -23.3 -82.4 AAA 2025-01-17 3.294 3.26 40
3.136 -3.5 -9.8 -7.1 -15.5 -81.9 AAA 2026-06-25 2.939 2.9 40
3.151 -3.4 -15.5 -7.0 -26.4 -82.1 AA0 2025-08-27 3.308 3.23 40
3.328 -4.0 -15.5 0.9 -23.2 -83 A0 2025-02-28 4.203 4.19 30
