15 Jan. 2025
▪ 3y 25,000 2.625
▪ 91d 10,000 2.880
▪ 5y 22,000 2.725
0 0 0 0 0 0.000
0 0 0 0 0 0.000
KR Market
KR Bond(%,bp) YTM 1D 1W 1M
CD91D 3.000 0.0 -5.0 -32.0
2.639 -1.3 0.2 -4.4 10,000 2.880 2.885
2.655 -2.6 3.0 0.0 POSCO314-2 5,900 3.078 3.237 AA+
2.647 -1.8 13.6 11.1 3,500 2.810 2.859 AAA
2.737 -1.8 7.5 12.2 3,500 2.770 2.789 AAA
2.845 -3.0 5.1 17.0 2,200 2.770 2.843 AAA
2.732 -4.4 -0.6 15.9 2,000 3.175 3.065 AAA
KR Credit(%,bp) YTM 1D 1W 1M 2,000 2.873 2.855 AAA
3.306 -2.5 7.5 4.3 2,000 2.918 2.922 AAA
3.296 -1.5 10.7 9.7 POSCO314-3 2,000 3.124 3.269 AA+
6.638 -2.0 10.9 8.0 1,700 3.105 3.198 AA+
KTB Futures(tick) 1D 1W
KTBF 3Y 106.6 8.0 -30.0 (십억계약,%,년)
LKTBF 10Y 117.2 34.0 -65.0
KR Stock(%) Index 1D 1W 1M
KOSPI 2,497.4 0.31 0.21 0.12
KOSDAQ 718.0 1.39 -0.03 3.50
FX Market(%) Price 1D 1W 1M
1,463.2 -0.52 0.67 2.11
928.1 -0.48 0.53 -0.95
IRS(%) 1D(bp) CRS(%) 1D(bp) Spread(bp) 1D(bp)
1Y 2.750 -1.0 1Y 2.685 -2 11.1 0.3
2Y 2.678 -1.7 2Y 2.635 -0.5 2.3 0.9
3Y 2.678 -2.7 3Y 2.680 0.5 3.1 -0.9
5Y 2.728 -2.7 5Y 2.720 -2.5 -1.0 -1.0
10Y 2.800 -2.8 10Y 2.730 -2.5 -4.5 0.2
US Bond Market
US Bond(%,bp) YTM 1D 1W 1M
UST2Y 4.369 -1.5 7.4 12.0
UST5Y 4.598 -0.2 13.1 34.6
UST10Y 4.794 1.0 10.7 39.5
UST30Y 4.977 1.3 6.2 37.5
KR Credit Market (계약수)
Bond Yield(%, bp) Yield 1D 1W 1M 3M 1Y
2.819 -2.1 -6.7 -18.4 -37.7 -73 -1,705 521 1,466 1,146 -1,943
2.895 -2.7 8.3 3.2 -24.2 -66.8 7,371 2,153 3,338 -1,627 -13,329
2.985 -2.1 4.9 7.3 -18.6 -57.1
2.842 -0.6 -5.0 -15.6 -35.6 -71.9 Fund Flow (십억원)
2.941 -2.0 9.3 4.6 -22.5 -72.2 1D 1W 1M YTD
3.042 -2.0 5.6 9.9 -18.6 -73.1 MMF* 198,989 68 2,561 8,739 27,932
3.048 -2.5 -7.5 -16.5 -25.5 -71.6 174,832 501 2,652 -4,080 38,249
3.214 -2.5 7.5 4.3 -13.9 -74.9 127,820 -1,085 307 3,371 23,952
3.380 -2.3 6.0 11.4 -16.5 -72.5 1,725,583 0 0 13,874 108,990
3.126 -2.5 -7.5 -16.0 -26.1 -79.9 59,879 0 0 -2,167 -10,696
3.306 -2.5 7.5 4.3 -14.3 -87.9 *는 T-2일 기준, 펀드는 설정액 및 ETF 제외 기준
3.488 -2.3 6.0 11.4 -16.7 -81.4 **는 T-4일 기준
3.824 -2.5 -5.0 -14.5 -32.6 -97.7
4.188 -2.5 9.5 5.5 -20.5 -88.7 (십억원)
4.608 -2.3 6.5 11.9 -17.7 -66.7
4.541 -2.5 -5.0 -14.5 -33.1 -95.7 POSCO314-2 AA+ 2028-01-14 - 3.080 280
4.981 -2.5 9.5 5.5 -20.5 -85.2 - 2028-05-27 - 3.770 232
5.292 -2.3 6.5 11.9 -17.7 -65.7 AA0 2025-01-24 3.153 3.140 80
5.113 -2.5 -5.0 -14.5 -32.6 -94.7 - 2054-11-08 - 4.850 70
5.621 -2.5 9.5 5.5 -19.5 -81.7 AA- 2025-07-11 3.578 3.530 70
5.933 -2.3 6.5 11.9 -17.7 -64.9 SBS14-1 AA0 2026-08-28 3.087 3.040 60
2.998 -1.9 -3.0 -11.8 -24.1 -70.4 AA- 2025-02-23 3.300 3.350 60
3.123 -1.7 9.2 8.8 -18.0 -58.5 POSCO314-1 AA+ 2027-01-14 - 2.890 60
3.146 -1.9 5.5 9.9 -19.0 -61.9 AAA 2026-02-18 2.911 2.870 50
3.032 -1.9 -3.2 -10.9 -22.5 -74.8 AA+ 2026-03-03 2.937 2.880 50
3.222 -1.5 10.8 9.8 -14.6 -61 AA- 2025-07-18 3.413 3.280 40
3.247 -2.2 5.7 10.4 -16.2 -69.4 AA- 2025-02-07 3.532 3.760 40
3.061 -1.9 -3.0 -10.6 -21.9 -76 - 2029-06-11 - 4.700 40
3.249 -1.4 10.8 9.8 -15.0 -62.5 AA+ 2028-02-20 3.117 3.150 30
3.310 -1.9 6.0 10.6 -16.0 -69.5 AA- 2025-06-09 3.424 3.270 30
3.092 -1.7 -2.9 -10.4 -21.7 -76.9 AA+ 2025-02-07 3.263 3.260 30
3.296 -1.5 10.7 9.7 -15.1 -64.3 POSCO314-4 AA+ 2032-01-14 - 3.180 30
3.414 -2.0 5.9 10.7 -15.9 -70.3 - 2027-06-21 - 5.210 20
27-01-1429-09-1025-12-1027-09-0328-01-14
30-01-1454-03-1027-01-1427-12-1027-01-02
27-07-1425-04-1427-01-1425-03-1127-12-10
27-12-1054-09-1044-09-1027-06-1029-06-10
2.772.742.622.722.83
3.112.742.872.642.66
2.813.182.773.062.65
2.762.692.752.692.82
25012011011080670
150981005240440
2601701509072742
11690763630348
2.0
4.7
0.9
2.6
3.0
2.5
5.0
29.2
2.0
2.9
2.0
9.2
2.5
0.2
2.0
0.2
2.9
1.6
2.9
29.7
19.7
2.4
4.4
13.6
27-06-1025-03-1129-03-1033-12-1028-04-21
26-03-0326-01-0227-12-1026-01-2126-06-10
25-11-1026-02-1525-12-2854-03-1026-04-14
30-06-1032-12-1025-06-1026-09-1028-03-10
2.693.062.773.032.91
2.562.642.742.722.70
2.812.832.822.722.84
2.863.012.772.092.77
-110-90-60-50-30-340
-330-80-60-60-50-580
-50-30-30-26-20-156
-84-43-40-39-35-241
2.4
0.2
4.2
8.9
3.3
3.1
1.1
1.0
2.9
1.0
1.4
1.3
0.8
1.1
1.0
29.2
1.2
5.7
5.4
7.9
0.4
1.7
3.2
4.1
