10 Jan. 2025
▪ 2Y 14,000 2.670
▪ 91d 12,000 2.830
▪ 30y 40,000 2.705
1y 8,000 2.640
0 0 0 0 0 0.000
KR Market
KR Bond(%,bp) YTM 1D 1W 1M
CD91D 3.000 -4.0 -26.0 -30.0
2.625 -1.2 -3.2 -6.8 8,000 2.640 2.637
2.580 -2.4 -6.0 -7.7 7,000 2.730 2.746 AAA
2.496 -0.4 -0.5 -2.0 3,000 2.780 2.786 AAA
2.635 -1.2 -4.0 5.3 2,000 2.802 2.853 AAA
2.794 0.9 5.2 15.4 2,000 2.800 2.796 AAA
2.710 -1.4 -5.9 14.3 1,500 3.103 3.082 AA+
KR Credit(%,bp) YTM 1D 1W 1M 1,000 2.880 3.022 AAA
3.206 -1.0 -3.5 -1.6 1,000 3.157 3.213 AA-
3.165 -0.7 -2.0 -1.0 1,000 3.224 3.216 AA-
6.503 -1.1 -2.4 -3.7 1,000 3.090 - AA
KTB Futures(tick) 1D 1W
KTBF 3Y 107.0 7.0 7.0 (십억계약,%,년)
LKTBF 10Y 118.0 10.0 -2.0
KR Stock(%) Index 1D 1W 1M
KOSPI 2,521.9 0.03 5.13 4.30
KOSDAQ 723.5 0.54 5.37 9.36
FX Market(%) Price 1D 1W 1M
1,460.5 0.38 -0.42 2.35
923.6 0.09 -1.58 -2.31
IRS(%) 1D(bp) CRS(%) 1D(bp) Spread(bp) 1D(bp)
1Y 2.668 -2.5 1Y 2.620 -2.5 4.3 -1.3
2Y 2.578 -3.0 2Y 2.525 -2 -0.2 -0.6
3Y 2.570 -1.8 3Y 2.535 -1 7.4 -1.4
5Y 2.610 -1.0 5Y 2.585 -1 -2.5 0.2
10Y 2.688 -0.5 10Y 2.595 -1 -10.7 -1.4
US Bond Market
US Bond(%,bp) YTM 1D 1W 1M
UST2Y 4.264 -2.3 2.0 11.7
UST5Y 4.461 -0.2 9.0 36.2
UST10Y 4.690 -0.2 12.8 46.2
UST30Y 4.938 0.4 15.8 51.8
KR Credit Market (계약수)
Bond Yield(%, bp) Yield 1D 1W 1M 3M 1Y
2.832 -4.1 -12.7 -17.5 -38.6 -77.8 8,245 387 -1,925 502 -7,276
2.791 -0.5 -2.9 -4.7 -42.3 -84.3 15,581 1,524 -5,890 13,182 -24,196
2.905 -1.2 -5.5 3.4 -34.8 -71.9
2.845 -2.7 -11.4 -14.8 -37.6 -76.7 Fund Flow (십억원)
2.827 -0.8 -2.2 -4.1 -41.3 -91 1D 1W 1M YTD
2.957 -1.4 -4.2 5.5 -34.9 -88.6 MMF* 202,343 954 35,383 8,789 31,285
3.078 -2.5 -11.5 -12.8 -24.5 -74.1 173,221 358 4,074 -5,472 36,638
3.114 -1.0 -3.5 -1.6 -31.1 -91.6 128,218 481 2,444 6,094 24,350
3.288 -1.7 -4.5 6.0 -33.2 -88 1,725,583 0 0 6,214 108,990
3.156 -2.5 -11.5 -12.3 -25.6 -82.4 59,879 0 0 -2,291 -10,696
3.206 -1.0 -3.5 -1.6 -31.8 -104.1 *는 T-2일 기준, 펀드는 설정액 및 ETF 제외 기준
3.396 -1.7 -4.5 6.0 -33.4 -97.4 **는 T-4일 기준
3.849 -1.5 -9.5 -12.3 -32.6 -100.7
4.073 -0.5 -3.0 -2.4 -39.5 -107.9 (십억원)
4.516 -1.2 -4.0 6.0 -34.4 -82.7
4.566 -1.5 -9.5 -12.3 -33.1 -98.7 AAA 2026-01-09 2.880 2.880 160
4.866 -0.5 -3.0 -2.4 -39.5 -104.4 AA+ 2026-03-03 2.931 2.880 80
5.200 -1.2 -4.0 6.0 -34.4 -81.7 AA- 2025-01-17 3.219 3.240 80
5.138 -1.5 -9.5 -12.3 -32.6 -97.7 - 2029-12-21 - 3.950 60
5.506 -0.5 -3.0 -2.4 -38.5 -100.4 AA- 2025-10-02 3.333 3.410 60
5.841 -1.2 -4.0 6.0 -34.4 -80.9 A+ 2026-01-30 3.142 3.080 60
3.006 -1.6 -6.6 -11.6 -24.5 -75.8 AA0 2025-05-09 3.313 3.200 50
3.002 -1.2 -2.3 -1.1 -36.5 -79.3 AAA 2032-01-17 3.091 3.120 50
3.060 -1.3 -4.6 5.1 -34.4 -77.8 AAA 2025-04-29 3.202 3.130 50
3.040 -1.7 -7.4 -10.6 -23.8 -79.4 AA0 2025-07-25 3.427 3.290 50
3.090 -0.8 -2.1 -1.0 -34.7 -81.6 AA- 2025-02-07 3.399 3.270 40
3.159 -1.4 -4.4 5.3 -32.5 -85.5 AA+ 2025-05-27 3.184 3.200 40
3.068 -1.7 -7.3 -10.4 -23.2 -80.7 AA+ 2026-04-27 2.912 2.900 40
3.117 -0.8 -2.1 -1.1 -35.0 -82.9 AAA 2028-07-06 2.947 2.930 40
3.219 -1.5 -4.4 5.4 -32.6 -85.8 AAA 2027-03-29 2.899 2.900 40
3.097 -1.7 -7.4 -10.4 -23.3 -81.8 AAA 2028-06-08 2.936 2.920 40
3.165 -0.7 -2.0 -1.0 -35.0 -84.6 AAA 2029-08-21 2.978 2.960 40
3.324 -1.4 -4.4 5.6 -32.3 -86.4 - 2028-06-20 - 4.600 40
27-01-0928-01-0934-06-1026-04-0929-03-10
33-12-1054-09-1027-07-0929-01-0953-03-10
29-03-1027-01-0927-07-0927-07-0927-02-10
25-12-1026-01-0953-09-1027-09-1027-03-10
2.732.802.892.782.67
2.922.712.803.102.70
2.672.733.093.103.21
2.612.642.712.652.67
40080697050669
140106805039415
20590907070525
25070202020380
2.0
3.0
9.4
1.2
4.2
3.0
8.9
29.7
2.5
4.0
28.2
14.2
4.2
2.0
2.5
2.5
2.1
3.0
0.9
1.0
28.7
2.7
2.2
2.6
28-03-1030-12-1025-06-1025-01-1428-09-10
34-06-1027-06-1026-03-1029-09-1027-06-10
54-03-1026-12-1031-06-1026-03-0334-06-10
25-03-2825-03-0633-12-1025-09-0353-03-10
2.632.812.753.112.65
2.892.622.582.642.57
2.702.612.832.582.89
3.133.092.932.673.28
-280-80-70-70-40-540
-157-70-60-36-34-356
-251-53-41-30-27-402
-150-100-87-80-50-467
3.2
5.9
0.4
0.0
3.7
2.8
9.4
2.4
1.2
4.7
2.4
5.5
29.2
1.9
6.4
1.1
9.4
19.8
0.2
0.2
8.9
0.6
28.2
4.9
