25 Feb. 2025
▪ 5y 14,000 2.685
▪ 91d 5,000 2.690
▪ 0 0 0 0 0 0.000
0 0 0 0 0 0.000
0 0 0 0 0 0.000
KR Market
KR Bond(%,bp) YTM 1D 1W 1M
CD91D 2.880 0.0 -9.0 -15.0
2.615 0.0 2.8 -4.0 4,000 3.560 - -
2.648 -0.8 -2.4 2.8 3,600 2.710 2.836 AAA
2.610 -0.5 -1.2 5.0 3,000 2.859 2.827 AAA
2.717 -1.3 -1.3 1.7 3,000 2.880 2.854 AAA
2.822 -3.0 -4.5 -3.9 2,000 3.097 3.196 AA-
2.740 -1.9 -4.3 -6.0 1,500 2.786 2.854 AAA
KR Credit(%,bp) YTM 1D 1W 1M 1,000 2.979 2.930 AAA
3.156 -1.0 -3.0 -1.3 1,000 2.752 2.762 AAA
3.192 -0.4 -0.2 3.6 800 2.935 3.024 AAA
6.523 -0.5 -2.3 0.8 700 3.266 3.196 AA-
KTB Futures(tick) 1D 1W
KTBF 3Y 106.7 2.0 11.0 (십억계약,%,년)
LKTBF 10Y 118.5 28.0 53.0
KR Stock(%) Index 1D 1W 1M
KOSPI 2,645.3 -0.35 1.34 4.28
KOSDAQ 773.3 -0.17 0.63 6.12
FX Market(%) Price 1D 1W 1M
1,427.4 -0.48 -0.99 -0.27
956.5 0.32 0.66 3.75
IRS(%) 1D(bp) CRS(%) 1D(bp) Spread(bp) 1D(bp)
1Y 2.693 -0.5 1Y 2.635 0.5 7.7 -0.5
2Y 2.625 -0.7 2Y 2.595 0.5 -2.3 0.1
3Y 2.615 -1.0 3Y 2.605 1.5 0.5 -0.5
5Y 2.643 -1.8 5Y 2.650 2 -7.5 -0.5
10Y 2.700 -2.3 10Y 2.560 0.5 -12.2 0.7
US Bond Market
US Bond(%,bp) YTM 1D 1W 1M
UST2Y 4.200 -0.2 -6.3 -7.8
UST5Y 4.257 -2.0 -7.2 -17.4
UST10Y 4.414 -2.1 -6.3 -21.0
UST30Y 4.667 -1.4 -3.2 -18.1
KR Credit Market (계약수)
Bond Yield(%, bp) Yield 1D 1W 1M 3M 1Y
2.789 -0.2 1.7 -2.4 -41.1 -86.2 -849 222 2,246 -7,842 5,999
2.846 -0.8 -2.1 3.5 -20.0 -78.7 3,983 1,377 -991 -4,768 1,138
2.916 -1.4 -2.4 -3.1 -15.8 -75
2.835 -1.1 -0.7 -2.7 -39.2 -84.9 Fund Flow (십억원)
2.892 -0.5 -1.2 3.7 -17.3 -87.2 1D 1W 1M YTD
2.978 -1.3 -1.9 -2.2 -14.3 -94.5 MMF* 216,543 -741 947 13,724 45,485
2.944 -0.5 1.8 -7.4 -39.7 -77.8 185,391 106 2,949 7,947 48,807
3.071 -1.0 -3.0 -0.8 -21.9 -87.1 136,256 -14 1,763 5,155 32,388
3.313 -1.3 -1.8 -1.0 -12.3 -91.6 1,712,082 2,721 19,444 9,632 95,490
2.999 -0.5 1.0 -8.5 -41.5 -86.9 58,671 343 11 -1,884 -11,905
3.156 -1.0 -3.0 -1.3 -22.6 -101.1 *는 T-2일 기준, 펀드는 설정액 및 ETF 제외 기준
3.418 -1.3 -2.1 -1.3 -12.6 -100.8 **는 T-4일 기준
3.682 -0.5 0.5 -9.7 -43.5 -115.2
4.048 -1.0 -2.7 -1.0 -22.1 -112.5 (십억원)
4.546 -1.3 -1.8 -1.0 -12.8 -89.4
4.399 -0.5 0.5 -9.7 -43.5 -113.7 - 2027-07-18 - 4.000 180
4.846 -1.0 -2.7 -0.5 -21.6 -108.5 AAA 2026-08-07 2.836 2.880 150
5.230 -1.3 -1.8 -1.0 -12.8 -88.4 AAA 2027-01-21 2.896 2.880 100
4.971 -0.5 0.5 -9.7 -43.5 -113.7 AAA 2027-02-24 - 2.860 80
5.486 -1.0 -2.7 -0.5 -21.6 -106.5 AA0 2027-09-04 3.103 3.090 80
5.871 -1.3 -1.8 -1.0 -12.8 -88.4 AA0 2025-10-02 2.980 2.990 80
2.904 0.0 2.4 -7.4 -34.1 -82.3 KT201-1 AAA 2027-12-02 2.896 2.900 70
3.018 -0.6 -1.0 2.7 -18.1 -79.6 AAA 2027-05-07 2.899 2.880 70
3.095 -1.3 -1.3 1.1 -12.8 -81.1 AAA 2025-06-29 3.030 3.030 60
2.947 0.3 3.1 -6.9 -31.4 -85.3 A+ 2027-01-29 3.231 3.250 60
3.117 -0.5 -0.3 3.5 -15.6 -81.1 AA0 2028-02-18 3.058 3.070 60
3.173 -1.3 -2.0 0.3 -13.5 -91.4 AA- 2027-06-26 3.075 3.080 60
2.976 0.3 3.1 -6.9 -30.9 -86.6 AA- 2025-04-14 3.047 3.130 60
3.144 -0.4 -0.2 3.6 -15.7 -82.6 AA- 2030-02-21 3.153 3.190 60
3.235 -1.3 -2.0 0.2 -13.2 -91.6 AA- 2027-02-19 3.351 3.360 60
3.007 0.3 3.1 -6.9 -30.7 -87.5 A+ 2030-02-13 3.736 3.810 50
3.192 -0.4 -0.2 3.6 -15.6 -83.7 AA- 2028-02-24 - 3.270 50
3.340 -1.3 -1.9 0.3 -13.0 -91.9 AAA 2027-01-08 2.880 2.870 50
25-05-2728-02-2427-08-2427-09-0335-02-24
35-02-2427-02-2427-12-1055-03-1054-03-10
25-12-2429-09-1027-02-2429-03-1027-08-24
25-05-2754-09-1026-02-1026-01-1052-03-10
2.712.792.752.683.56
3.562.862.612.642.66
2.772.722.862.733.01
2.702.652.692.652.65
1701501006060540
20060383030358
140106606050416
25095807050545
0.3
3.0
2.5
2.5
10.0
2.8
10.0
2.0
2.8
30.1
29.1
11.2
0.8
4.5
2.0
4.0
2.5
2.6
0.3
29.6
1.0
0.9
27.1
8.0
30-03-1026-01-2031-06-1033-06-1029-11-27
25-06-1052-03-1034-06-1047-03-1052-09-10
42-09-1028-09-1026-06-2725-07-1128-02-18
27-03-1034-06-1031-06-1026-03-1054-03-10
2.682.792.862.872.87
2.572.672.852.752.67
2.782.722.803.253.00
2.672.902.862.620.00
-170-50-35-30-30-315
-40-30-24-20-10-124
-100-30-30-30-30-220
-233-50-35-300-348
5.0
0.9
6.3
8.3
4.8
4.8
0.3
27.1
9.3
22.1
27.6
14.2
17.6
3.5
1.3
0.4
3.0
9.1
2.0
9.3
6.3
1.0
29.1
3.4
