11 Feb. 2025
▪ 3Y 30,000 2.615
▪ 91d 5,000 2.860
▪ 0 0 0 0 0 0.000
0 0 0 0 0 0.000
0 0 0 0 0 0.000
KR Market
KR Bond(%,bp) YTM 1D 1W 1M
CD91D 2.990 0.0 -3.0 -1.0
2.614 -1.2 -3.3 -2.5 1,300 3.410 3.183 AA-
2.680 -1.0 5.4 7.0 1,300 3.066 3.221 AA-
2.632 -1.3 6.9 6.2 1,000 2.878 2.877 AAA
2.712 -1.0 3.0 3.0 900 2.710 - -
2.837 -0.3 1.5 -0.3 900 3.120 3.221 AA-
2.748 0.9 -2.5 0.0 700 3.062 3.147 AA-
KR Credit(%,bp) YTM 1D 1W 1M 600 2.959 3.104 AAA
3.211 -1.3 4.2 -4.5 500 3.867 3.828 A+
3.210 -1.6 5.1 -1.9 400 3.802 3.726 A+
6.563 -1.6 5.5 -0.7 300 2.952 3.092 AA-
KTB Futures(tick) 1D 1W
KTBF 3Y 106.7 4.0 -13.0 (십억계약,%,년)
LKTBF 10Y 118.5 2.0 12.0
KR Stock(%) Index 1D 1W 1M
KOSPI 2,521.3 -0.03 2.74 0.22
KOSDAQ 749.7 0.91 6.52 4.43
FX Market(%) Price 1D 1W 1M
1,451.2 0.23 -1.09 -0.94
952.6 -0.57 1.20 2.02
IRS(%) 1D(bp) CRS(%) 1D(bp) Spread(bp) 1D(bp)
1Y 2.743 -0.2 1Y 2.690 -1 12.9 1.0
2Y 2.653 -0.2 2Y 2.555 -1.5 -2.8 0.7
3Y 2.635 -0.3 3Y 2.565 -1.5 0.3 1.0
5Y 2.650 0.2 5Y 2.590 -1.5 -6.2 1.2
10Y 2.703 0.5 10Y 2.555 -1.5 -13.5 0.8
US Bond Market
US Bond(%,bp) YTM 1D 1W 1M
UST2Y 4.279 -1.4 2.8 -10.2
UST5Y 4.343 -0.7 -1.9 -23.2
UST10Y 4.500 0.3 -5.9 -26.1
UST30Y 4.709 1.4 -8.4 -23.9
KR Credit Market (계약수)
Bond Yield(%, bp) Yield 1D 1W 1M 3M 1Y
2.779 -1.0 -2.7 -4.9 -41.5 -82.6 235 587 1,730 -759 -1,360
2.878 -1.3 6.7 3.5 -27.2 -70.9 -3,958 1,461 9,148 3,669 -10,848
2.949 -0.9 1.8 0.5 -23.6 -64.8
2.841 -0.6 -1.5 0.5 -39.7 -79.7 Fund Flow (십억원)
2.920 -1.4 6.1 3.7 -26.8 -80.1 1D 1W 1M YTD
3.000 -1.4 1.8 -0.1 -24.3 -84.4 MMF* 213,564 1,523 26,666 11,221 42,507
2.943 -1.0 -6.5 -13.0 -39.7 -76.9 181,098 718 3,319 7,877 44,514
3.121 -1.3 4.2 -4.3 -27.3 -83.1 132,476 194 1,337 4,258 28,609
3.320 -1.0 1.5 -0.8 -24.3 -87 1,714,124 0 0 4,492 97,532
3.009 -1.0 -6.5 -14.2 -41.0 -86.4 60,271 0 0 -514 -10,304
3.211 -1.3 4.2 -4.5 -27.9 -97.1 *는 T-2일 기준, 펀드는 설정액 및 ETF 제외 기준
3.428 -1.0 1.5 -0.8 -24.3 -95.9 **는 T-4일 기준
3.704 -1.0 -6.5 -14.5 -43.1 -111
4.100 -1.3 4.2 -2.8 -29.7 -105.3 (십억원)
4.553 -1.0 1.5 -0.3 -24.8 -82.5
4.421 -1.0 -6.5 -14.5 -43.1 -109 A0 2025-09-18 3.367 3.280 170
4.893 -1.3 4.2 -2.8 -29.7 -101.8 A+ 2028-01-31 3.374 3.460 120
5.237 -1.0 1.5 -0.3 -24.8 -81.5 AA- 2026-09-03 2.986 3.010 70
4.993 -1.0 -6.5 -14.5 -43.1 -108 AAA 2025-10-31 3.038 3.010 60
5.533 -1.3 4.2 -2.8 -29.2 -98.3 AA- 2025-08-06 3.275 3.290 60
5.878 -1.0 1.5 -0.3 -24.8 -80.7 AA0 2025-04-21 3.057 3.070 52
2.907 -1.7 -5.9 -10.2 -33.4 -81.2 AAA 2030-02-10 - 2.970 50
3.043 -1.6 4.9 -2.0 -27.3 -74.4 AA0 2025-02-14 3.242 3.320 40
3.092 -1.2 2.5 -1.2 -25.7 -75.4 AA- 2026-09-14 3.044 3.040 40
2.946 -1.7 -6.0 -9.5 -31.9 -85.9 AA+ 2025-02-20 3.058 3.310 40
3.136 -1.6 5.1 -1.9 -25.1 -77.7 AAA 2027-02-19 2.942 2.920 40
3.181 -1.1 2.7 -2.2 -25.1 -84.1 AA+ 2025-10-24 3.159 3.090 40
2.975 -1.7 -6.0 -9.5 -31.4 -87.2 A+ 2025-11-03 3.222 3.220 40
3.162 -1.6 5.0 -2.0 -25.5 -79.3 AA- 2027-02-05 3.279 3.370 40
3.243 -1.2 2.7 -2.0 -24.9 -84.3 AA+ 2025-09-19 3.126 3.060 40
3.006 -1.7 -6.0 -9.4 -31.2 -88.1 AA- 2025-11-21 3.202 3.100 40
3.210 -1.6 5.1 -1.9 -25.5 -80.9 AA+ 2025-03-02 3.044 3.350 40
3.347 -1.2 2.6 -2.1 -24.7 -85 AA- 2025-02-28 3.083 3.240 40
25-05-1326-12-1025-11-1030-02-0825-12-10
34-12-1027-12-1054-09-1029-09-1054-09-10
27-12-1027-08-1028-02-1028-02-1027-11-10
26-12-1026-01-0225-05-1354-09-1025-06-15
2.882.702.772.882.69
2.842.662.612.732.69
2.653.063.123.073.41
2.712.612.882.682.99
230110908080590
4642402924182
10270605050332
1301301205650486
0.3
1.8
0.7
5.0
0.8
1.3
9.8
2.8
29.6
4.6
29.6
14.4
2.8
2.5
3.0
3.0
2.7
2.8
1.8
0.9
0.3
29.6
0.3
4.2
#N /A
34-06-1029-03-1026-10-0231-06-1054-03-10
28-03-1026-01-0225-09-1833-12-1027-03-03
26-12-1027-06-1026-02-2029-10-2826-01-02
25-08-2325-10-22#N
/A26-03-1025-09-10
2.872.762.732.852.70
2.732.603.272.882.74
2.692.683.612.982.63
2.952.86#N
/A2.672.53
-108-60-50-51-40-309
-100-70-30-21-20-241
-50-34-20-20-20-144
-150-150#N
/A-5-3#N
/A
9.3
4.1
1.6
6.3
29.1
9.1
3.1
0.9
0.6
8.8
2.1
2.6
1.8
2.3
1.0
4.7
0.9
2.1
0.5
0.7#N
/A
1.1
0.6#N
/A
