24 Feb. 2025
▪ 0 0 0 0 0 0.000
▪ 0 0 0 0 0 0.000
▪ 0 0 0 0 0 0.000
0 0 0 0 0 0.000
0 0 0 0 0 0.000
KR Market
KR Bond(%,bp) YTM 1D 1W 1M
CD91D 2.880 -6.0 -10.0 -15.0
2.615 0.1 3.0 -3.5 3,000 - 2.827 AAA
2.656 -2.0 -0.6 2.1 3,000 - 2.854 AAA
2.615 -1.2 0.7 3.8 2,000 3.097 3.196 AA-
2.730 -1.8 2.2 4.0 1,500 - 2.854 AAA
2.852 -3.3 0.6 2.8 1,000 - 2.930 AAA
2.759 -2.1 -0.5 0.4 1,000 - 2.762 AAA
KR Credit(%,bp) YTM 1D 1W 1M 800 2.935 3.024 AAA
3.166 -1.7 -1.0 -3.2 700 - 3.196 AA-
3.196 -1.1 1.4 1.3 600 - - A
6.528 -1.1 -0.7 -0.2 600 3.824 3.520 A+
KTB Futures(tick) 1D 1W
KTBF 3Y 106.7 5.0 -4.0 (십억계약,%,년)
LKTBF 10Y 118.3 28.0 -10.0
KR Stock(%) Index 1D 1W 1M
KOSPI 2,654.6 0.02 2.45 4.22
KOSDAQ 774.7 0.83 2.42 5.78
FX Market(%) Price 1D 1W 1M
1,434.3 -0.25 -0.64 -0.23
953.5 -0.25 1.01 3.37
IRS(%) 1D(bp) CRS(%) 1D(bp) Spread(bp) 1D(bp)
1Y 2.698 -3.0 1Y 2.630 -3 8.2 -3.1
2Y 2.633 -2.5 2Y 2.590 -2.5 -2.4 -0.5
3Y 2.625 -2.5 3Y 2.590 -2 1.0 -1.3
5Y 2.660 -2.7 5Y 2.630 -1.5 -7.0 -0.9
10Y 2.723 -3.2 10Y 2.555 -3 -13.0 0.1
US Bond Market
US Bond(%,bp) YTM 1D 1W 1M
UST2Y 4.202 -7.2 -6.1 -10.0
UST5Y 4.277 -7.0 -5.2 -16.1
UST10Y 4.435 -7.1 -4.2 -18.1
UST30Y 4.681 -6.8 -1.8 -14.7
KR Credit Market (계약수)
Bond Yield(%, bp) Yield 1D 1W 1M 3M 1Y
2.791 -0.3 2.6 -1.4 -41.3 -84.6 2,896 396 -931 -886 -1,285
2.854 -1.6 0.0 3.2 -23.2 -74.2 9,988 633 -3,338 1,683 -8,393
2.930 -1.8 0.6 -0.6 -19.9 -68.7
2.846 -1.0 0.9 -1.0 -38.6 -83 Fund Flow (십억원)
2.897 -1.2 0.6 2.9 -20.9 -83.2 1D 1W 1M YTD
2.991 -1.9 1.3 0.2 -19.2 -88.3 MMF* 217,284 -250 3,493 14,565 46,226
2.949 0.0 2.8 -7.4 -39.2 -77.3 185,285 655 3,534 8,093 48,701
3.081 -1.7 -1.0 -2.5 -24.4 -83.6 136,270 -178 2,607 6,176 32,402
3.326 -2.2 1.3 0.8 -17.4 -86.3 1,709,362 1,840 17,853 6,088 92,769
3.004 0.0 2.0 -9.2 -41.0 -86.4 58,328 -42 -933 -2,853 -12,247
3.166 -1.7 -1.0 -3.2 -25.1 -98.1 *는 T-2일 기준, 펀드는 설정액 및 ETF 제외 기준
3.431 -2.2 1.0 0.5 -17.7 -95.5 **는 T-4일 기준
3.687 -0.5 1.0 -10.7 -43.5 -114.7
4.058 -1.7 -0.7 -3.2 -25.1 -109 (십억원)
4.559 -2.2 1.3 1.3 -17.9 -84.1
4.404 -0.5 1.0 -10.7 -43.5 -113.2 AA- 2026-10-14 2.961 2.990 60
4.856 -1.7 -0.7 -2.7 -24.6 -105 AAA 2028-02-18 2.921 2.940 60
5.243 -2.2 1.3 1.3 -17.9 -83.1 A0 2026-03-06 3.677 3.530 60
4.976 -0.5 1.0 -10.7 -43.5 -113.2 AA- 2026-11-06 3.260 3.140 60
5.496 -1.7 -0.7 -2.7 -24.1 -103 AA+ 2030-02-21 - 3.190 50
5.884 -2.2 1.3 1.3 -17.9 -83.1 AAA 2027-01-15 2.894 2.900 50
2.904 -0.1 2.6 -7.7 -34.6 -82.1 - 2031-06-10 - 3.850 45
3.024 -1.1 1.0 0.9 -21.6 -76 E138-1 A+ 2025-04-14 3.106 3.210 40
3.108 -1.6 2.2 2.8 -18.0 -75.1 AAA 2028-02-21 - 2.990 40
2.944 0.1 2.5 -7.2 -32.2 -85.8 A+ 2026-01-29 3.168 3.170 40
3.122 -1.1 1.5 1.3 -19.1 -77.9 AAA 2025-06-22 3.035 3.110 40
3.186 -1.8 1.5 2.0 -18.2 -85.5 AA+ 2029-03-06 3.072 3.120 40
2.973 0.1 2.5 -7.2 -31.9 -87 A+ 2027-02-12 3.218 3.260 40
3.148 -1.2 1.4 1.3 -19.1 -79.5 AA- 2027-07-23 3.051 3.050 40
3.248 -1.8 1.5 1.9 -17.9 -85.8 AA- 2028-02-21 - 3.040 40
3.004 0.1 2.5 -7.2 -31.7 -87.9 - 2025-04-30 - 4.970 40
3.196 -1.1 1.4 1.3 -19.0 -80.6 A+ 2026-03-04 3.197 3.190 40
3.353 -1.8 1.6 2.0 -17.7 -86.1 AA+ 2026-09-03 3.003 2.960 30
26-02-1028-02-2130-02-2128-02-2126-06-10
42-09-1026-02-1034-12-1028-02-2155-03-10
25-10-2227-08-2126-08-2126-02-2126-02-21
25-06-1054-09-1027-09-0332-06-1026-06-10
2.692.792.882.902.69
2.782.692.862.932.67
2.832.902.862.853.11
2.612.672.682.902.69
1971601109050607
10084353330282
10080605050340
6941403030210
1.0
3.0
5.0
3.0
1.3
2.6
17.6
1.0
9.8
3.0
30.1
11.3
0.7
2.5
1.5
1.0
1.0
1.3
0.3
29.6
2.5
7.3
1.3
7.5
26-04-0227-06-1026-03-1029-03-1026-02-20
42-12-1025-12-0228-06-1033-12-1026-01-17
26-06-1025-04-1126-08-2934-12-1026-03-12
26-03-1026-12-1048-03-1041-09-1053-03-10
2.672.652.592.752.81
2.772.802.732.902.80
2.693.092.812.872.84
2.602.602.732.802.69
-70-60-58-50-50-288
-100-60-40-31-30-261
-72-60-30-23-20-205
-500000-51
1.1
2.3
1.0
4.0
1.0
1.8
17.8
0.8
3.3
8.8
0.9
8.7
1.3
0.1
1.5
9.8
1.0
1.9
1.0
1.8
23.1
16.6
28.1
1.2
