21 Feb. 2025
▪ 10y 29,000 2.840
▪ 91d 5,000 2.750
▪ 3y 10,000 2.715
0 0 0 0 0 0.000
0 0 0 0 0 0.000
KR Market
KR Bond(%,bp) YTM 1D 1W 1M
CD91D 2.940 -1.0 -4.0 -4.0
2.614 0.5 1.5 -1.5 20,000 2.850 2.818 -
2.676 -0.8 -0.4 5.6 8,000 4.120 4.089 AA0
2.627 -0.3 0.2 5.7 2,800 3.068 3.158 AA0
2.748 0.1 2.1 7.3 2,099 2.900 2.881 -
2.885 1.0 1.3 7.5 1,800 2.860 2.860 AAA
2.780 0.5 -0.4 5.2 1,400 3.005 3.206 AA-
KR Credit(%,bp) YTM 1D 1W 1M 1,400 3.372 3.206 AA-
3.183 -0.3 -1.6 -0.8 1,300 2.931 2.951 AAA
3.207 0.0 0.8 2.3 1,300 3.349 3.119 AA-
6.539 -0.2 -1.7 0.3 1,300 3.318 3.119 AA-
KTB Futures(tick) 1D 1W
KTBF 3Y 106.6 0.0 -9.0 (십억계약,%,년)
LKTBF 10Y 118.0 -9.0 -38.0
KR Stock(%) Index 1D 1W 1M
KOSPI 2,654.1 -0.65 2.74 5.40
KOSDAQ 768.3 -1.28 2.53 5.81
FX Market(%) Price 1D 1W 1M
1,437.9 -0.04 -0.66 -0.11
955.8 0.65 1.72 3.80
IRS(%) 1D(bp) CRS(%) 1D(bp) Spread(bp) 1D(bp)
1Y 2.728 -2.5 1Y 2.660 -2 11.4 -3.0
2Y 2.658 -1.5 2Y 2.615 0 -1.9 -0.7
3Y 2.650 -0.2 3Y 2.610 0.5 2.3 0.1
5Y 2.688 0.7 5Y 2.645 0.5 -6.1 0.6
10Y 2.755 1.2 10Y 2.585 0.5 -13.0 0.2
US Bond Market
US Bond(%,bp) YTM 1D 1W 1M
UST2Y 4.255 -1.7 -5.4 -2.1
UST5Y 4.340 -3.0 -5.0 -5.8
UST10Y 4.503 -3.1 -2.8 -7.5
UST30Y 4.738 -2.9 -0.3 -7.3
KR Credit Market (계약수)
Bond Yield(%, bp) Yield 1D 1W 1M 3M 1Y
2.794 0.0 2.0 0.9 -41.0 -84 1,631 -41 -2,120 3,948 -1,934
2.870 -0.5 -0.1 6.3 -21.6 -77.9 9,517 472 -1,764 -12,156 3,945
2.948 -0.3 0.2 2.7 -18.1 -71.6
2.856 -0.4 1.2 1.8 -37.6 -81.8 Fund Flow (십억원)
2.909 -0.3 0.1 4.8 -19.7 -87.7 1D 1W 1M YTD
3.010 0.0 1.0 3.6 -17.3 -91.3 MMF* 217,534 -375 4,360 12,815 46,477
2.949 0.0 1.3 -5.4 -39.2 -77.3 184,630 586 2,956 7,715 48,047
3.098 -0.3 -1.1 -0.1 -22.7 -87.6 136,448 1,140 3,225 6,242 32,580
3.348 0.3 1.5 4.5 -15.2 -89.1 1,707,522 -3,482 16,635 4,248 90,929
3.004 0.0 0.5 -7.7 -41.0 -86.9 58,370 -114 -674 -2,811 -12,205
3.183 -0.3 -1.6 -0.8 -23.4 -102.1 *는 T-2일 기준, 펀드는 설정액 및 ETF 제외 기준
3.453 0.0 1.2 4.2 -15.5 -98.3 **는 T-4일 기준
3.692 0.0 0.0 -8.7 -43.0 -114.2
4.075 -0.3 -0.8 -0.8 -23.4 -113 (십억원)
4.581 0.0 1.5 5.0 -15.7 -86.9
4.409 0.0 0.0 -8.7 -43.0 -112.7 AA0 2027-06-03 3.069 3.070 220
4.873 -0.3 -0.8 -0.3 -22.9 -109 AA- 2025-04-25 3.045 3.050 150
5.265 0.0 1.5 5.0 -15.7 -85.9 A+ 2027-02-12 3.216 3.270 140
4.981 0.0 0.0 -8.7 -43.0 -112.7 - 2029-01-17 - 4.180 140
5.513 -0.3 -0.8 -0.3 -22.4 -107 AA+ 2027-04-23 3.088 3.060 140
5.906 0.0 1.5 5.0 -15.7 -85.9 AA0 2026-01-22 2.924 2.990 120
2.905 0.5 1.5 -6.4 -34.5 -82.2 AA- 2027-03-15 3.203 3.100 120
3.035 -0.1 0.4 2.0 -20.5 -81.1 AA0 2027-06-03 3.120 3.070 100
3.124 -0.1 1.9 5.6 -16.4 -79.1 AA- 2027-02-19 - 3.350 100
2.943 0.7 1.2 -6.6 -32.3 -86.2 A+ 2028-02-17 3.379 3.440 90
3.133 0.0 0.9 2.3 -18.0 -82.7 AA- 2026-08-06 3.159 3.160 90
3.204 -0.4 1.4 4.8 -16.4 -89.1 AA- 2026-01-16 3.115 3.160 80
2.972 0.7 1.2 -6.6 -32.0 -87.5 AA- 2025-04-25 3.084 3.100 80
3.160 0.1 0.9 2.3 -17.9 -84.2 AA0 2027-10-29 3.097 3.090 80
3.266 -0.4 1.4 4.7 -16.1 -89.3 AA- 2028-02-18 3.161 3.170 80
3.003 0.7 1.2 -6.6 -31.8 -88.4 - 2027-05-11 - 3.900 70
3.207 0.0 0.8 2.3 -17.9 -85.9 A- 2027-02-18 4.654 4.690 65
3.371 -0.4 1.5 4.8 -15.9 -90 A+ 2026-01-29 3.164 3.170 60
26-01-0930-02-2030-02-2825-12-1054-09-10
55-03-1054-09-1028-02-2026-02-2034-12-10
25-04-2426-02-2028-02-2027-02-1927-12-10
54-09-1025-03-1034-12-1028-03-1027-03-10
2.642.932.922.642.70
2.682.692.902.862.89
2.852.862.903.352.63
2.692.742.882.702.70
10090775042359
8349403027229
230150805046556
51403221126
0.9
5.0
5.0
0.8
29.6
6.1
30.1
29.6
3.0
1.0
9.8
19.0
0.2
1.0
3.0
2.0
2.8
1.2
29.6
0.0
9.8
3.1
2.0
14.6
26-04-0227-04-2331-06-1030-12-1027-04-23
42-12-1026-09-0927-12-1027-06-0327-03-26
27-06-1025-03-0626-10-0228-03-1026-12-10
26-09-1025-12-1042-09-1054-03-1041-09-10
2.683.062.862.863.00
2.772.802.633.072.84
2.673.222.702.722.69
2.702.652.822.712.80
-70-50-50-50-30-250
-60-60-40-30-20-210
-73-30-30-27-22-182
-50-40-12-11-10-123
1.1
2.2
6.3
5.8
2.2
3.4
17.8
1.6
2.8
2.3
2.1
6.6
2.3
0.0
1.6
3.1
1.8
1.9
1.6
0.8
17.6
29.1
16.6
6.6
