5 Feb. 2025
▪ 2y 10,000 2.635
▪ 91d 3,800 2.850
▪ 30y 29,000 2.735
30y 29,000 2.730
0 0 0 0 0 0.000
KR Market
KR Bond(%,bp) YTM 1D 1W 1M
CD91D 3.000 -2.0 -3.0 -15.0
2.639 -0.8 -1.6 0.5 3,800 2.850 2.865
2.647 2.1 2.7 3.1 2,500 2.750 2.856 AAA
2.580 1.7 2.0 11.0 2,000 2.730 2.726 AAA
2.702 2.0 0.2 6.7 2,000 2.840 2.811 AAA
2.840 1.8 -2.1 7.5 1,400 2.950 2.921 AA+
2.790 1.7 -1.0 5.1 1,300 2.750 2.818 AAA
KR Credit(%,bp) YTM 1D 1W 1M 1,100 3.060 2.806 AAA
3.179 1.0 1.0 -2.7 1,100 3.000 3.021 AA+
3.173 1.4 1.7 2.2 1,100 3.027 - AA
6.524 1.6 0.9 3.0 900 3.101 3.111 AA+
KTB Futures(tick) 1D 1W
KTBF 3Y 106.9 -7.0 -5.0 (십억계약,%,년)
LKTBF 10Y 118.3 -19.0 28.0
KR Stock(%) Index 1D 1W 1M
KOSPI 2,481.7 1.13 -2.17 1.63
KOSDAQ 719.9 2.29 -1.21 2.01
FX Market(%) Price 1D 1W 1M
1,462.9 -0.29 2.21 -0.37
934.6 -0.71 1.37 -0.05
IRS(%) 1D(bp) CRS(%) 1D(bp) Spread(bp) 1D(bp)
1Y 2.683 1.3 1Y 2.680 2 4.4 2.1
2Y 2.593 0.7 2Y 2.560 0.5 -5.5 -1.4
3Y 2.585 1.0 3Y 2.580 1 0.5 -0.7
5Y 2.603 1.0 5Y 2.600 1 -9.9 -1.0
10Y 2.658 1.3 10Y 2.580 0.5 -18.3 -0.5
US Bond Market
US Bond(%,bp) YTM 1D 1W 1M
UST2Y 4.247 -0.4 5.0 -3.4
UST5Y 4.364 0.2 2.9 -5.0
UST10Y 4.563 0.4 2.8 -3.7
UST30Y 4.803 1.0 2.6 -0.9
KR Credit Market (계약수)
Bond Yield(%, bp) Yield 1D 1W 1M 3M 1Y
2.801 -0.5 -1.2 -11.7 -40.5 -80.7 1,979 -365 1,294 11,574 -14,294
2.831 2.0 2.0 4.4 -37.5 -76.9 4,270 599 -642 43,352 -45,508
2.947 1.6 0.0 3.0 -31.5 -65.9
2.855 -0.1 -0.7 -6.1 -39.6 -78.3 Fund Flow (십억원)
2.875 1.6 2.0 5.9 -37.3 -85.4 1D 1W 1M YTD
3.000 1.8 0.0 4.1 -32.6 -84 MMF* 192,736 #N/A #N/A 5,824 21,679
2.998 -1.0 -2.0 -15.5 -36.4 -73.9 178,120 #N/A #N/A 6,840 41,537
3.089 1.0 1.0 -2.5 -37.0 -91.3 130,624 #N/A #N/A 5,200 26,757
3.325 2.0 0.2 3.2 -31.8 -87 1,714,124 11,385 10,850 -8,875 97,532
3.064 -1.0 -2.0 -16.7 -37.7 -83.4 60,271 -608 -910 88 -10,304
3.179 1.0 1.0 -2.7 -37.6 -105.3 *는 T-2일 기준, 펀드는 설정액 및 ETF 제외 기준
3.433 2.0 0.2 3.2 -31.8 -95.9 **는 T-4일 기준
3.759 -1.0 -2.0 -14.5 -40.6 -106
4.068 1.0 1.0 0.0 -39.7 -109.7 (십억원)
4.558 2.0 0.2 4.2 -32.3 -81.5
4.476 -1.0 -2.0 -14.5 -40.6 -104 - 2030-01-08 - 5.130 70
4.861 1.0 1.0 0.0 -39.7 -106.2 AA- 2026-01-15 3.157 3.110 60
5.242 2.0 0.2 4.2 -32.3 -80.5 AA0 2028-01-22 2.943 3.000 60
5.048 -1.0 -2.0 -14.5 -40.6 -103 AA- 2030-01-23 3.064 3.120 60
5.501 1.0 1.0 0.0 -39.2 -102.7 - 2025-03-14 - 3.450 60
5.883 2.0 0.2 4.2 -32.3 -79.7 KT194-2 AAA 2026-01-27 2.865 2.820 50
2.953 -1.3 -2.5 -8.5 -30.2 -76.6 AAA 2025-03-05 3.103 3.010 50
3.008 1.4 1.7 1.5 -35.7 -79.2 AAA 2027-10-22 2.917 2.920 50
3.087 2.0 0.3 2.1 -34.0 -75.8 AAA 2026-05-22 2.892 2.910 40
2.995 -1.1 -2.1 -8.4 -28.6 -81.7 AA- 2026-02-03 3.030 3.000 31
3.098 1.3 1.6 2.2 -34.2 -82.8 AA- 2026-01-29 3.339 3.350 30
3.174 2.0 0.4 1.1 -33.3 -84.6 AA- 2028-01-21 3.089 3.170 30
3.024 -1.1 -2.1 -8.2 -28.1 -82.9 AA0 2025-08-01 3.174 3.100 30
3.125 1.3 1.7 2.2 -34.6 -84.3 AAA 2025-06-27 3.197 3.180 30
3.236 2.0 0.3 1.3 -33.2 -84.8 AAA 2025-06-27 3.197 3.180 30
3.055 -1.1 -2.1 -8.1 -27.9 -83.8 AA- 2099-12-31 3.983 3.970 24
3.173 1.4 1.7 2.2 -34.6 -85.9 AA+ 2025-02-20 3.087 3.200 20
3.341 2.0 0.4 1.3 -33.0 -85.5 AA+ 2025-07-31 3.199 3.100 20
52-03-1027-01-0226-02-0429-09-1029-03-10
54-09-1055-03-1027-12-1054-03-1026-07-02
28-02-0427-08-0455-03-1026-02-0427-12-10
55-03-1052-03-1026-09-1034-12-1026-06-10
2.752.652.822.702.73
2.742.742.592.682.70
2.842.732.743.062.58
2.722.752.672.832.67
240140909080640
8712784440401,273
1401401038080543
2301201075943559
27.1
1.9
1.0
4.6
4.1
11.9
29.6
30.1
2.8
29.1
1.4
27.9
3.0
2.5
30.1
1.0
2.8
7.7
30.1
27.1
1.6
9.9
1.3
19.7
55-03-1054-09-1026-07-0229-12-1028-05-15
34-06-1027-03-1328-06-1054-03-1032-06-10
29-10-2828-03-1027-03-0527-10-2225-03-07
25-08-2825-09-0625-10-2427-06-1029-12-10
2.742.732.692.752.78
2.892.802.702.732.89
2.962.692.973.173.15
2.972.952.872.612.75
-395-71-70-47-30-613
-134-90-40-35-30-329
-30-20-20-20-20-110
-200-100-100-60-47-507
30.1
29.6
1.4
4.8
3.3
23.5
9.4
2.1
3.3
29.1
7.4
8.6
4.7
3.1
2.1
2.7
0.1
2.7
0.6
0.6
0.7
2.3
4.8
1.2
