6 Feb. 2025
▪ 2y 10,000 2.635
▪ 91d 3,800 2.850
▪ 30y 29,000 2.735
30y 29,000 2.730
2y 20,000 2.640
KR Market
KR Bond(%,bp) YTM 1D 1W 1M
CD91D 3.010 1.0 -2.0 -9.0
2.631 -0.8 -2.4 -1.7 2,100 3.384 3.172 AA-
2.645 -0.2 2.5 0.0 2,000 3.012 - AA
2.572 -0.8 1.2 5.0 1,800 3.255 3.106 AA-
2.675 -2.7 -2.5 -1.0 1,400 3.182 - AA
2.812 -2.8 -4.9 -0.8 1,400 3.372 3.172 AA-
2.739 -5.1 -6.1 -2.5 900 3.239 3.106 AA-
KR Credit(%,bp) YTM 1D 1W 1M 700 3.081 3.131 AA+
3.166 -1.3 -0.3 -8.0 500 2.935 2.960 AA
3.161 -1.2 0.5 -4.2 500 3.102 - AA
6.512 -1.2 -0.3 -3.5 150 - - -
KTB Futures(tick) 1D 1W
KTBF 3Y 106.9 1.0 -4.0 (십억계약,%,년)
LKTBF 10Y 118.7 31.0 59.0
KR Stock(%) Index 1D 1W 1M
KOSPI 2,509.3 1.11 -1.09 0.83
KOSDAQ 731.0 1.54 0.31 1.81
FX Market(%) Price 1D 1W 1M
1,444.3 -1.27 0.91 -1.73
941.8 0.77 2.15 1.76
IRS(%) 1D(bp) CRS(%) 1D(bp) Spread(bp) 1D(bp)
1Y 2.693 1.0 1Y 2.675 -0.5 6.2 1.8
2Y 2.590 -0.2 2Y 2.550 -1 -5.5 -0.1
3Y 2.575 -1.0 3Y 2.575 -0.5 0.3 -0.2
5Y 2.583 -2.0 5Y 2.595 -0.5 -9.2 0.7
10Y 2.638 -2.0 10Y 2.560 -2 -17.5 0.8
US Bond Market
US Bond(%,bp) YTM 1D 1W 1M
UST2Y 4.191 -2.5 -2.7 -8.6
UST5Y 4.260 -6.3 -7.5 -17.0
UST10Y 4.442 -7.3 -8.8 -19.0
UST30Y 4.668 -8.0 -10.5 -18.2
KR Credit Market (계약수)
Bond Yield(%, bp) Yield 1D 1W 1M 3M 1Y
2.792 -0.9 -2.1 -11.6 -40.4 -81 -2,579 271 1,797 1,661 -1,829
2.823 -0.8 1.2 -0.5 -35.0 -75.6 3,161 299 1,735 28,129 -33,502
2.918 -2.9 -2.9 -4.1 -30.1 -67.7
2.845 -1.0 -1.7 -7.1 -39.6 -78.9 Fund Flow (십억원)
2.866 -0.9 1.1 0.1 -34.6 -84.3 1D 1W 1M YTD
2.973 -2.7 -2.7 -3.6 -31.0 -85.8 MMF* 204,272 11,535 #N/A #N/A 33,214
2.978 -2.0 -4.0 -17.0 -36.9 -75.9 179,275 1,155 #N/A #N/A 42,692
3.076 -1.3 -0.3 -7.8 -34.8 -88.6 130,758 134 #N/A #N/A 26,890
3.293 -3.2 -3.0 -5.0 -30.7 -88.4 1,714,124 #N/A 0 -13,878 97,532
3.044 -2.0 -4.0 -18.2 -38.2 -85.4 60,271 #N/A 0 -177 -10,304
3.166 -1.3 -0.3 -8.0 -35.4 -102.6 *는 T-2일 기준, 펀드는 설정액 및 ETF 제외 기준
3.401 -3.2 -3.0 -5.0 -30.7 -97.3 **는 T-4일 기준
3.739 -2.0 -4.0 -16.0 -40.6 -108
4.055 -1.3 -0.3 -5.3 -37.5 -109.3 (십억원)
4.526 -3.2 -3.0 -4.0 -31.2 -83.9
4.456 -2.0 -4.0 -16.0 -40.6 -106 AAA 2025-04-12 3.065 3.140 130
4.848 -1.3 -0.3 -5.3 -37.5 -105.8 AA- 2028-02-04 - 3.380 120
5.210 -3.2 -3.0 -4.0 -31.2 -82.9 AA0 2027-10-04 2.954 2.970 100
5.028 -2.0 -4.0 -16.0 -40.6 -105 AA0 2025-04-11 3.134 3.220 100
5.488 -1.3 -0.3 -5.3 -37.0 -102.3 AAA 2027-12-08 2.949 2.930 90
5.851 -3.2 -3.0 -4.0 -31.2 -82.1 AA- 2026-11-27 3.176 3.080 80
2.942 -1.1 -3.6 -10.3 -30.3 -77 AA0 2027-01-22 2.961 3.000 80
2.996 -1.2 0.5 -5.1 -33.5 -78.4 AAA 2028-01-17 2.956 2.940 80
3.060 -2.7 -2.4 -5.6 -32.4 -77.5 AAA 2029-05-28 2.961 2.960 80
2.983 -1.2 -3.3 -10.1 -28.9 -81.9 AA0 2027-09-12 2.979 3.010 70
3.086 -1.2 0.4 -4.3 -32.0 -81.6 AA- 2030-01-23 3.092 3.120 70
3.147 -2.7 -2.3 -6.6 -31.7 -86.3 AA0 2025-06-25 3.075 3.070 70
3.012 -1.2 -3.3 -9.9 -28.4 -83.1 AA+ 2028-01-24 2.989 2.980 70
3.113 -1.2 0.5 -4.2 -32.3 -83.1 AAA 2025-04-25 3.091 3.090 60
3.209 -2.7 -2.4 -6.4 -31.6 -86.6 AAA 2028-04-25 2.906 2.900 60
3.043 -1.2 -3.3 -9.8 -28.2 -84 AA- 2027-02-05 - 3.250 60
3.161 -1.2 0.5 -4.2 -32.3 -84.7 AA+ 2026-09-03 3.043 2.990 60
3.314 -2.7 -2.3 -6.4 -31.4 -87.2 - 2054-11-08 - 5.100 60
52-03-1027-01-0226-02-0429-09-1029-03-10
54-09-1055-03-1027-12-1054-03-1026-07-02
28-02-0427-08-0455-03-1026-02-0427-12-10
55-03-1052-03-1026-09-1034-12-1026-06-10
2.752.652.822.702.73
2.742.742.592.682.70
2.842.732.743.062.58
2.722.752.672.832.67
240140909080640
8712784440401,273
1401401038080543
2301201075943559
27.1
1.9
1.0
4.6
4.1
11.9
29.6
30.1
2.8
29.1
1.4
27.9
3.0
2.5
30.1
1.0
2.8
7.7
30.1
27.1
1.6
9.9
1.3
19.7
55-03-1054-09-1026-07-0229-12-1028-05-15
34-06-1027-03-1328-06-1054-03-1032-06-10
29-10-2828-03-1027-03-0527-10-2225-03-07
25-08-2825-09-0625-10-2427-06-1029-12-10
2.742.732.692.752.78
2.892.802.702.732.89
2.962.692.973.173.15
2.972.952.872.612.75
-395-71-70-47-30-613
-134-90-40-35-30-329
-30-20-20-20-20-110
-200-100-100-60-47-507
30.1
29.6
1.4
4.8
3.3
23.5
9.4
2.1
3.3
29.1
7.4
8.6
4.7
3.1
2.1
2.7
0.1
2.7
0.6
0.6
0.7
2.3
4.8
1.2
