10 Feb. 2025
▪ 0 0 0 0 0 0.000
▪ 0 0 0 0 0 0.000
▪ 0 0 0 0 0 0.000
0 0 0 0 0 0.000
0 0 0 0 0 0.000
KR Market
KR Bond(%,bp) YTM 1D 1W 1M
CD91D 2.990 0.0 -4.0 -5.0
2.626 -0.1 -2.8 -1.1 2,700 2.760 2.765 AAA
2.690 3.0 6.9 8.6 2,000 2.880 2.970 AAA
2.645 5.7 7.5 14.5 2,000 3.410 3.028 AA+
2.722 4.2 2.0 7.5 1,400 2.740 2.850 AAA
2.840 3.7 -1.7 5.5 1,200 2.830 2.844 AAA
2.739 0.3 -5.1 1.5 1,200 2.990 3.112 AA-
KR Credit(%,bp) YTM 1D 1W 1M 1,200 3.157 3.142 AA-
3.224 4.8 4.5 0.8 1,100 3.069 3.103 AA+
3.226 5.3 6.0 5.4 1,000 2.820 2.819 AAA
6.579 5.3 6.3 6.5 1,000 2.835 2.942 AAA
KTB Futures(tick) 1D 1W
KTBF 3Y 106.7 -14.0 -19.0 (십억계약,%,년)
LKTBF 10Y 118.4 -36.0 22.0
KR Stock(%) Index 1D 1W 1M 27-09-03 2.71 180 2 .6 54-09-10 2.70 -85 2 9.6
KOSPI 2,521.9 -0.58 0.18 0.03 27-02-07 2.76 150 2 .0 28-03-10 2.71 -80 3 .1
25-08-07 2.92 150 0 .5 25-04-02 2.81 -80 0 .1
KOSDAQ 742.9 0.35 2.01 3.23 29-09-10 2.72 110 4 .6 26-10-02 2.72 -50 1 .6
FX Market(%) Price 1D 1W 1M 25-12-10 2.69 70 0 .8 26-01-02 2.63 -40 0 .9
660 2 .1 -335 8 .6
1,447.8 0.01 -0.34 -0.49
958.0 1.00 1.96 3.82
34-12-10 2.83 130 9 .8 26-01-02 2.62 -100 0 .9
26-10-02 2.72 110 1 .6 28-06-10 2.70 -100 3 .3
IRS(%) 1D(bp) CRS(%) 1D(bp) Spread(bp) 1D(bp) 27-12-10 2.65 87 2 .8 27-01-15 3.08 -30 1 .9
26-07-02 2.73 80 1 .4 29-01-04 2.80 -20 3 .9
1Y 2.745 3.8 1Y 2.700 2 11.9 3.9 26-01-10 2.75 80 0 .9 27-03-09 3.15 -20 2 .1
2Y 2.655 4.5 2Y 2.570 2 -3.5 1.5 487 3 .9 -270 2 .2
3Y 2.638 5.0 3Y 2.580 1 -0.7 -0.7
5Y 2.648 5.5 5Y 2.605 1.5 -7.5 1.3 27-08-06 2.99 120 2 .5 28-03-10 2.71 -40 3 .1
27-02-05 2.82 100 2 .0 26-05-22 2.94 -30 1 .3
10Y 2.698 5.5 10Y 2.570 1.5 -14.3 1.8 27-12-10 2.63 92 2 .8 26-02-20 3.64 -30 1 .0
29-09-10 2.72 81 4 .6 26-10-02 2.72 -30 1 .6
27-02-07 2.76 80 2 .0 27-03-10 2.70 -30 2 .1
US Bond Market 473 2 .7 -160 1 .9
US Bond(%,bp) YTM 1D 1W 1M
UST2Y 4.293 7.7 9.4 0.6 54-09-10 2.67 237 2 9.6 25-09-01 2.91 -220 0 .6
27-12-10 2.60 60 2 .8 25-08-27 2.93 -140 0 .5
UST5Y 4.350 7.5 1.7 -11.3 28-12-10 2.75 40 3 .8 28-09-10 2.74 -40 3 .6
UST10Y 4.497 5.9 -4.6 -19.5 55-03-10 2.67 40 3 0.1 33-06-10 2.85 -22 8 .3
26-09-10 2.65 40 1 .6 42-09-10 2.79 0 1 7.6
UST30Y 4.695 5.5 -9.4 -23.9 417 2 0.6 -422 1 .3
KR Credit Market (계약수)
Bond Yield(%, bp) Yield 1D 1W 1M 3M 1Y
2.789 0.1 -2.2 -8.4 -39.8 -81.6 -1,937 419 3,112 -7,218 5,095
2.891 5.2 7.4 9.5 -24.5 -69.6 -7,538 365 5,426 25,497 -24,337
2.958 4.0 1.1 4.1 -22.6 -63.9
2.847 0.9 -1.3 -2.5 -38.6 -79.1 Fund Flow (십억원)
2.934 5.3 6.9 9.9 -23.8 -78.7 1D 1W 1M YTD
3.014 3.8 1.2 4.3 -22.7 -83 MMF* 212,041 2,133 16,477 10,653 40,984
2.953 -1.0 -6.0 -15.0 -38.4 -75.9 180,379 749 2,514 7,517 43,796
3.134 4.8 4.5 1.0 -24.7 -81.8 132,282 865 546 4,545 28,414
3.330 3.7 0.5 2.5 -23.0 -86 1,714,124 0 0 440 97,532
3.019 -1.0 -6.0 -16.2 -39.7 -85.4 60,271 0 0 -714 -10,304
3.224 4.8 4.5 0.8 -25.3 -95.8 *는 T-2일 기준, 펀드는 설정액 및 ETF 제외 기준
3.438 3.7 0.5 2.5 -23.0 -94.9 **는 T-4일 기준
3.714 -1.0 -6.0 -15.0 -42.1 -110
4.113 4.8 4.5 3.5 -27.4 -104 (십억원)
4.563 3.7 0.5 3.5 -23.5 -81.5
4.431 -1.0 -6.0 -15.0 -42.1 -108 POSCO312-1 AA+ 2025-07-07 3.017 3.030 180
4.906 4.8 4.5 3.5 -27.4 -100.5 AAA 2028-01-22 2.899 2.950 120
5.247 3.7 0.5 3.5 -23.5 -80.5 AA- 2027-01-15 3.077 3.080 120
5.003 -1.0 -6.0 -15.0 -42.1 -107 KT194-2 AAA 2026-01-27 2.830 2.800 100
5.546 4.8 4.5 3.5 -26.9 -97 A+ 2028-01-31 3.385 3.450 100
5.888 3.7 0.5 3.5 -23.5 -79.7 AAA 2026-08-07 - 2.840 90
2.924 -0.6 -5.0 -9.8 -31.1 -79.5 AA- 2027-07-16 3.045 3.050 60
3.059 5.1 5.8 4.5 -23.8 -72.8 AA- 2025-12-12 3.191 3.050 50
3.104 3.9 1.8 3.1 -24.0 -74.2 AA- 2025-04-08 3.245 3.140 50
2.963 -0.4 -5.1 -9.4 -29.6 -84.2 A+ 2025-03-11 3.214 3.230 50
3.152 5.3 6.0 5.4 -22.0 -76.1 AAA 2025-06-23 3.071 3.050 50
3.192 3.8 2.0 1.9 -23.2 -83 AAA 2026-06-02 2.887 2.900 50
2.992 -0.4 -5.1 -9.3 -29.1 -85.5 AA0 2025-05-27 3.169 3.180 50
3.178 5.2 6.0 5.3 -22.4 -77.7 AA+ 2025-05-27 3.061 3.050 50
3.255 3.9 2.0 2.1 -23.0 -83.1 A0 2028-01-24 4.356 4.660 40
3.023 -0.4 -5.1 -9.1 -28.9 -86.4 - 2026-09-28 - 3.840 40
3.226 5.3 6.0 5.4 -22.4 -79.3 AAA 2027-01-21 2.901 2.940 40
3.359 3.9 2.0 2.1 -22.9 -83.8 AA- 2026-01-29 3.307 3.350 40
