14 Feb. 2025
▪ 3Y 30,000 2.615
▪ 91d 5,000 2.860
▪ 1y 4,100 2.630
0 0 0 0 0 0.000
0 0 0 0 0 0.000
KR Market
KR Bond(%,bp) YTM 1D 1W 1M
CD91D 2.980 0.0 -1.0 -2.0
2.599 -0.7 -2.8 -4.0 20,000 2.980 2.825 -
2.680 -1.7 2.0 2.5 4,000 3.900 5.226 AA-
2.625 -2.0 3.7 -2.2 3,700 3.086 - AA
2.727 -1.5 4.7 -1.0 3,000 4.190 - AA
2.872 -0.8 6.9 2.7 2,900 2.780 - AAA
2.784 1.1 4.8 5.2 2,500 2.770 2.846 AAA
KR Credit(%,bp) YTM 1D 1W 1M 2,200 2.985 - AA
3.199 -2.0 2.3 -10.7 1,700 3.217 3.214 AA-
3.199 -2.2 2.6 -9.7 1,600 2.850 - -
6.556 -2.0 3.0 -8.2 1,500 3.217 3.213 AA-
KTB Futures(tick) 1D 1W
KTBF 3Y 106.7 5.0 -2.0 (십억계약,%,년)
LKTBF 10Y 118.0 0.0 -45.0
KR Stock(%) Index 1D 1W 1M
KOSPI 2,583.2 1.36 1.83 3.43
KOSDAQ 749.3 0.55 1.21 4.35
FX Market(%) Price 1D 1W 1M
1,447.5 -0.41 -0.01 -1.07
939.7 -0.97 -0.93 1.24
IRS(%) 1D(bp) CRS(%) 1D(bp) Spread(bp) 1D(bp)
1Y 2.748 -0.5 1Y 2.735 -1.5 14.9 0.2
2Y 2.658 -1.2 2Y 2.610 1.5 -2.3 0.5
3Y 2.638 -2.3 3Y 2.600 2 1.3 -0.2
5Y 2.675 -1.3 5Y 2.635 2 -5.2 0.2
10Y 2.748 -0.2 10Y 2.585 1.5 -12.5 0.6
US Bond Market
US Bond(%,bp) YTM 1D 1W 1M
UST2Y 4.309 -4.8 9.3 -6.0
UST5Y 4.390 -7.9 11.5 -20.8
UST10Y 4.531 -9.6 9.3 -26.3
UST30Y 4.741 -9.3 10.1 -23.6
KR Credit Market (계약수)
Bond Yield(%, bp) Yield 1D 1W 1M 3M 1Y
2.774 -0.2 -1.4 -4.5 -46.0 -87.2 -1,239 -212 -1,813 -3,801 8,225
2.871 -1.5 3.2 -2.4 -32.2 -81.3 -5,100 63 5,255 -34,015 34,213
2.946 -1.6 2.8 -3.9 -28.9 -75.3
2.844 -0.2 0.6 0.2 -42.4 -83.6 Fund Flow (십억원)
2.908 -2.0 2.7 -3.3 -31.4 -90.7 1D 1W 1M YTD
3.000 -1.7 2.4 -4.2 -29.5 -94.7 MMF* 213,174 1,423 3,265 14,185 42,116
2.936 0.0 -2.7 -11.2 -43.2 -81.6 181,674 50 2,044 6,841 45,091
3.109 -2.0 2.3 -10.5 -31.7 -92.3 133,223 256 1,806 5,403 29,355
3.333 -1.5 4.0 -4.7 -28.0 -95.4 1,690,887 -2,892 297 -14,787 74,294
2.999 0.0 -3.0 -12.7 -44.5 -90.9 59,045 -573 -30 -2,261 -11,531
3.199 -2.0 2.3 -10.7 -32.3 -106.3 *는 T-2일 기준, 펀드는 설정액 및 ETF 제외 기준
3.441 -1.5 4.0 -4.7 -28.0 -104.3 **는 T-4일 기준
3.692 -0.5 -3.2 -13.2 -46.3 -116.7
4.083 -2.5 1.8 -10.5 -34.6 -116.5 (십억원)
4.566 -1.5 4.0 -4.2 -28.5 -91.7
4.409 -0.5 -3.2 -13.2 -46.3 -114.7 AAA 2027-02-12 - 2.890 210
4.881 -2.0 2.3 -10.0 -34.1 -112.5 AAA 2028-02-11 - 2.930 160
5.250 -1.5 4.0 -4.2 -28.5 -90.7 AA- 2099-12-31 - 3.900 125
4.981 -0.5 -3.2 -13.2 -46.3 -113.7 - 2028-02-11 - 3.730 100
5.521 -2.0 2.3 -10.0 -33.6 -109 AA- 2025-04-25 3.200 3.180 90
5.891 -1.5 4.0 -4.2 -28.5 -89.9 AA- 2027-02-05 3.271 3.360 80
2.890 -0.7 -4.0 -10.8 -38.3 -86 AA- 2029-02-22 3.342 3.300 80
3.031 -2.4 2.3 -9.2 -32.2 -85 AA 2028-02-13 - 3.000 80
3.105 -1.5 4.0 -4.1 -29.6 -84.5 AA- 2025-04-27 3.199 3.170 80
2.931 -0.7 -3.6 -10.1 -36.2 -91.3 AAA 2026-09-04 3.049 3.020 60
3.124 -2.3 2.5 -9.8 -30.1 -88.4 AA0 2025-05-27 3.142 3.160 60
3.190 -2.1 3.6 -5.7 -29.2 -93.8 AA0 2025-06-11 3.089 3.060 50
2.960 -0.7 -3.6 -10.1 -35.9 -92.5 AA+ 2026-09-03 3.045 3.010 50
3.151 -2.3 2.5 -9.8 -30.2 -89.9 AA0 2026-01-19 2.951 2.930 50
3.252 -2.1 3.6 -5.8 -29.0 -94.1 AA- 2026-04-28 3.004 3.020 50
2.991 -0.7 -3.6 -10.1 -35.7 -93.4 AA- 2026-04-20 3.002 3.010 50
3.199 -2.2 2.6 -9.7 -30.2 -91.5 AA- 2030-01-16 3.303 3.200 50
3.356 -2.1 3.6 -5.8 -28.8 -94.8 AA0 2025-04-24 3.141 3.160 50
55-03-1028-02-1325-11-1333-12-1025-04-17
34-12-1054-09-1027-12-1028-02-1128-02-11
28-02-1028-02-1125-11-1327-02-1229-03-10
55-03-1031-12-1044-09-1054-09-1026-01-09
2.712.852.832.932.98
2.892.722.653.453.22
3.223.222.842.892.78
2.702.892.772.712.62
1651301105054509
11899313030308
11097907050417
16582756750439
30.1
3.0
0.7
8.8
0.2
11.6
9.8
29.6
2.8
3.0
3.0
14.1
3.0
3.0
0.7
2.0
4.1
2.5
30.1
6.8
19.6
29.6
0.9
20.6
54-09-1027-06-1042-09-1030-12-1027-01-02
29-12-1028-03-1025-06-3027-02-0526-01-02
29-10-2827-06-1026-06-1026-11-2929-09-10
28-09-1026-06-1028-06-1029-06-1029-12-10
2.722.682.822.872.70
2.812.762.583.012.59
2.982.672.702.872.75
2.752.732.752.812.80
-86-80-70-50-40-326
-64-50-50-40-30-234
-60-57-35-30-30-212
-30-24-20-15-10-99
29.6
2.3
17.6
5.8
1.9
13.3
4.8
3.1
0.4
2.0
0.9
2.5
4.7
2.3
1.3
1.8
4.6
3.1
3.6
1.3
3.3
4.3
4.8
3.2
