17 Feb. 2025
▪ 0 0 0 0 0 0.000
▪ 0 0 0 0 0 0.000
▪ 0 0 0 0 0 0.000
0 0 0 0 0 0.000
0 0 0 0 0 0.000
KR Market
KR Bond(%,bp) YTM 1D 1W 1M
CD91D 2.980 0.0 -1.0 -1.0
2.585 -1.4 -4.1 -6.4 6,400 - - AA
2.662 -1.8 -2.8 -1.6 5,900 - - AA
2.608 -1.7 -3.7 -7.2 3,400 3.133 - AA
2.708 -1.9 -1.4 -7.4 3,100 - - AA
2.846 -2.6 0.6 -2.8 3,000 5.030 5.023 A+
2.764 -2.0 2.5 2.0 1,900 2.863 2.946 AAA
KR Credit(%,bp) YTM 1D 1W 1M 1,610 3.199 3.352 A+
3.176 -2.3 -4.8 -14.8 1,390 3.374 3.544 A+
3.182 -1.7 -4.4 -14.6 1,000 2.773 2.782 AAA
6.535 -2.1 -4.4 -13.3 900 2.954 2.985 AAA
KTB Futures(tick) 1D 1W
KTBF 3Y 106.7 5.0 3.0 (십억계약,%,년)
LKTBF 10Y 118.4 37.0 -8.0
KR Stock(%) Index 1D 1W 1M 30-02-14 2.86 190 5 .0 74-09-10 2.57 -130 4 9.6
KOSPI 2,591.1 0.31 2.74 3.77 55-03-10 2.70 93 3 0.1 27-07-07 2.77 -100 2 .4
30-02-14 2.95 90 5 .0 54-09-10 2.70 -56 2 9.6
KOSDAQ 756.3 0.94 1.81 6.28 27-02-14 2.88 90 2 .0 34-06-10 2.88 -40 9 .3
FX Market(%) Price 1D 1W 1M 27-09-03 2.70 70 2 .5 27-02-16 2.77 -30 2 .0
533 8 .5 -356 2 4.7
1,443.5 -0.28 -0.30 -1.21
944.0 0.46 -1.47 1.74
74-09-10 2.47 193 4 9.6 26-07-20 2.81 -100 1 .4
74-09-10 2.57 161 4 9.6 26-01-02 2.58 -100 0 .9
IRS(%) 1D(bp) CRS(%) 1D(bp) Spread(bp) 1D(bp) 30-12-10 2.85 70 5 .8 33-12-10 2.89 -61 8 .8
35-02-14 3.27 60 1 0.0 29-12-10 2.80 -50 4 .8
1Y 2.750 0.2 1Y 2.710 -2.5 16.5 1.7 45-02-14 3.24 60 2 0.0 26-03-03 2.99 -30 1 .0
2Y 2.655 -0.3 2Y 2.595 -1.5 -0.7 1.5 544 3 6.3 -341 3 .0
3Y 2.625 -1.3 3Y 2.585 -1.5 1.7 0.4
5Y 2.650 -2.5 5Y 2.605 -3 -5.8 -0.6 27-12-10 2.61 120 2 .8 26-06-10 2.68 -80 1 .3
27-08-13 2.77 70 2 .5 26-01-02 2.60 -50 0 .9
10Y 2.713 -3.5 10Y 2.555 -3 -13.4 -0.9 27-06-10 2.65 50 2 .3 27-03-10 2.67 -40 2 .1
26-07-20 2.81 50 1 .4 26-12-10 2.67 -30 1 .8
31-06-10 2.86 50 6 .3 25-09-19 2.90 -20 0 .6
US Bond Market 340 3 .0 -220 1 .4
US Bond(%,bp) YTM 1D 1W 1M
UST2Y 4.263 -4.6 -3.0 -0.5 74-09-10 2.57 170 4 9.6 54-09-10 2.68 -49 2 9.6
UST5Y 4.329 -6.1 -2.1 -12.0 55-03-10 2.68 78 3 0.1 31-06-10 2.85 -50 6 .3
31-12-10 2.88 55 6 .8 28-12-10 2.76 -35 3 .8
UST10Y 4.477 -5.4 -2.0 -17.8 27-03-10 2.67 50 2 .1 29-12-10 2.81 -21 4 .8
25-06-10 2.69 50 0 .3 41-09-10 2.76 -10 1 6.6
UST30Y 4.699 -4.2 0.4 -18.2
403 2 8.0 -165 1 3.1
KR Credit Market (계약수)
Bond Yield(%, bp) Yield 1D 1W 1M 3M 1Y
2.765 -0.9 -2.4 -5.4 -46.9 -87.4 2,425 235 643 -14,725 11,053
2.854 -1.7 -3.7 -7.0 -33.9 -81.4 -738 -121 2,786 -41,522 40,171
2.924 -2.2 -3.4 -10.1 -31.1 -75.7
2.837 -0.7 -1.0 -1.4 -43.1 -83.6 Fund Flow (십억원)
2.891 -1.7 -4.3 -8.2 -33.1 -91.2 1D 1W 1M YTD
2.978 -2.2 -3.6 -10.7 -31.7 -95.7 MMF* 213,791 617 1,750 12,755 42,734
2.921 -1.5 -3.2 -12.7 -44.7 -81.6 181,751 77 1,371 6,195 45,167
3.091 -1.8 -4.3 -14.1 -33.5 -92.3 133,663 440 1,381 5,787 29,795
3.313 -2.0 -1.7 -10.7 -30.0 -95.4 1,691,508 622 -4,438 -14,165 74,916
2.984 -1.5 -3.5 -14.2 -46.0 -90.9 59,261 217 -81 -2,044 -11,314
3.176 -2.3 -4.8 -14.8 -34.6 -106.8 *는 T-2일 기준, 펀드는 설정액 및 ETF 제외 기준
3.421 -2.0 -1.7 -10.7 -30.0 -104.3 **는 T-4일 기준
3.677 -1.5 -3.7 -14.7 -47.8 -117.7
4.065 -1.8 -4.8 -14.1 -36.4 -117.5 (십억원)
4.546 -2.0 -1.7 -10.2 -30.5 -92.7
4.394 -1.5 -3.7 -14.7 -47.8 -115.7 AA 2027-02-14 - 3.140 120
4.863 -1.8 -4.3 -13.6 -35.9 -113.5 AAA 2027-02-19 2.922 2.920 120
5.230 -2.0 -1.7 -10.2 -30.5 -91.7 A+ 2027-02-12 3.058 3.140 120
4.966 -1.5 -3.7 -14.7 -47.8 -114.7 AA0 2025-05-27 3.138 3.150 110
5.503 -1.8 -4.3 -13.6 -35.4 -110 AAA 2026-03-03 2.928 3.000 80
5.871 -2.0 -1.7 -10.2 -30.5 -90.9 AAA 2027-04-29 2.882 2.900 80
2.878 -1.2 -4.6 -12.9 -39.5 -86.9 A+ 2035-02-14 - 4.930 76
3.014 -1.7 -4.5 -13.3 -33.9 -86 AAA 2026-04-28 2.940 3.000 60
3.086 -1.9 -1.8 -9.9 -31.5 -85 AA- 2027-10-04 3.044 3.050 60
2.919 -1.2 -4.4 -12.2 -37.4 -91.6 - 2026-06-01 - 3.350 54
3.107 -1.7 -4.5 -14.6 -31.8 -89 - 2026-12-01 - 3.440 54
3.171 -1.9 -2.1 -11.1 -31.1 -94.7 AA+ 2026-01-30 2.986 2.980 50
2.948 -1.2 -4.4 -12.2 -37.1 -92.9 AA- 2027-01-11 3.088 3.060 50
3.134 -1.7 -4.4 -14.6 -31.9 -90.5 A0 2025-02-21 3.431 3.600 50
3.233 -1.9 -2.2 -11.1 -30.9 -95 AA0 2028-02-13 2.972 3.010 50
2.979 -1.2 -4.4 -12.2 -36.9 -93.8 AA 2028-02-14 - 3.230 50
3.182 -1.7 -4.4 -14.6 -31.9 -92.2 AA0 2028-06-29 3.061 3.240 40
3.337 -1.9 -2.2 -11.1 -30.7 -95.7 - 2027-07-09 - 3.640 40
