7 Feb. 2025
▪ 2y 10,000 2.635
▪ 91d 3,800 2.850
▪ 30y 29,000 2.735
30y 29,000 2.730
2y 20,000 2.640
KR Market
KR Bond(%,bp) YTM 1D 1W 1M
CD91D 2.990 -2.0 -4.0 -6.0
2.627 -0.4 -2.8 -1.0 20,000 2.980 2.829 -
2.660 1.5 4.0 3.5 3,000 - 2.823 AAA
2.588 1.6 2.8 7.7 2,000 - 2.819 AAA
2.680 0.5 -2.0 1.8 2,000 - 2.918 AAA
2.803 -0.9 -5.8 0.9 2,000 2.868 2.918 AAA
2.736 -0.3 -6.4 -0.2 1,000 - 2.918 AAA
KR Credit(%,bp) YTM 1D 1W 1M 1,000 3.090 2.845 AAA
3.176 1.0 0.7 -5.5 600 - 2.915 AAA
3.173 1.2 1.7 -1.6 500 3.012 3.016 AA+
6.526 1.4 1.1 -0.3 300 3.119 3.100 AA+
KTB Futures(tick) 1D 1W
KTBF 3Y 106.8 -4.0 -5.0 (십억계약,%,년)
LKTBF 10Y 118.8 15.0 58.0
KR Stock(%) Index 1D 1W 1M
KOSPI 2,536.8 1.10 0.00 1.79
KOSDAQ 740.3 1.28 1.59 3.07
FX Market(%) Price 1D 1W 1M
1,447.7 0.24 1.15 -0.40
948.5 0.71 2.87 2.74
IRS(%) 1D(bp) CRS(%) 1D(bp) Spread(bp) 1D(bp)
1Y 2.708 1.5 1Y 2.680 0.5 8.1 1.9
2Y 2.610 2.0 2Y 2.550 0 -5.0 0.5
3Y 2.588 1.2 3Y 2.570 -0.5 -0.1 -0.4
5Y 2.593 1.0 5Y 2.590 -0.5 -8.8 0.5
10Y 2.643 0.5 10Y 2.555 -0.5 -16.1 1.4
US Bond Market
US Bond(%,bp) YTM 1D 1W 1M
UST2Y 4.216 2.5 0.5 -7.9
UST5Y 4.275 2.6 -5.3 -19.2
UST10Y 4.438 1.6 -8.1 -24.9
UST30Y 4.640 0.2 -12.3 -27.5
KR Credit Market (계약수)
Bond Yield(%, bp) Yield 1D 1W 1M 3M 1Y
2.788 -0.4 -2.5 -9.8 -39.9 -81.5 -1,656 549 1,215 -1,589 1,540
2.839 1.6 2.8 2.7 -29.7 -73.9 -4,576 -123 1,167 37,505 -34,195
2.918 0.0 -2.9 -1.8 -26.6 -66.3
2.838 -0.7 -2.4 -5.4 -39.5 -79.7 Fund Flow (십억원)
2.881 1.5 2.6 3.3 -29.1 -82.8 1D 1W 1M YTD
2.976 0.3 -2.4 -1.0 -26.5 -84.6 MMF* 209,909 5,637 #N/A 13,481 38,851
2.963 -1.5 -5.5 -16.0 -37.4 -76.4 179,630 355 #N/A 7,450 43,047
3.086 1.0 0.7 -5.3 -29.5 -86.6 131,417 659 #N/A 3,905 27,549
3.293 0.0 -3.0 -2.7 -26.7 -87.4 1,714,124 0 0 440 97,532
3.029 -1.5 -5.5 -17.2 -38.7 -85.9 60,271 0 0 -714 -10,304
3.176 1.0 0.7 -5.5 -30.1 -100.6 *는 T-2일 기준, 펀드는 설정액 및 ETF 제외 기준
3.401 0.0 -3.0 -2.7 -26.7 -96.3 **는 T-4일 기준
3.724 -1.5 -5.5 -15.0 -41.1 -109.5
4.065 1.0 0.7 -2.8 -32.2 -107.8 (십억원)
4.526 0.0 -3.0 -1.7 -27.2 -82.9
4.441 -1.5 -5.5 -15.0 -41.1 -107.5 SK303-1 AA+ 2025-06-09 3.140 3.090 150
4.858 1.0 0.7 -2.8 -32.2 -104.3 AA0 2028-02-04 3.006 3.040 130
5.210 0.0 -3.0 -1.7 -27.2 -81.9 A0 2027-09-10 3.590 3.490 120
5.013 -1.5 -5.5 -15.0 -41.1 -106.5 AA0 2030-01-22 3.063 3.120 120
5.498 1.0 0.7 -2.8 -31.7 -100.8 AA0 2026-12-07 3.196 3.080 90
5.851 0.0 -3.0 -1.7 -27.2 -81.1 A0 2026-09-11 3.423 3.370 80
2.930 -1.2 -4.8 -9.8 -30.5 -78.4 AAA 2026-06-04 2.866 2.900 80
3.008 1.2 1.7 -2.3 -28.9 -76.5 AAA 2026-05-29 2.866 2.900 80
3.065 0.5 -1.9 -2.6 -27.9 -76 - 2025-06-19 - 4.480 80
2.967 -1.6 -4.9 -9.7 -29.2 -83.5 AA- 2029-09-13 3.857 4.000 80
3.099 1.3 1.7 -1.5 -27.3 -80.1 AA0 2028-01-22 2.969 3.000 60
3.154 0.7 -1.6 -3.6 -27.0 -84.8 AA- 2027-12-17 3.215 3.110 60
2.996 -1.6 -4.9 -9.5 -28.7 -84.7 AAA 2026-03-03 2.948 2.870 60
3.126 1.3 1.8 -1.5 -27.6 -81.6 AAA 2026-08-28 2.838 2.840 60
3.216 0.7 -1.7 -3.4 -26.9 -85 AA- 2025-06-09 3.466 3.460 60
3.027 -1.6 -4.9 -9.4 -28.5 -85.6 KT&G2-1 AAA 2025-09-12 3.010 2.980 50
3.173 1.2 1.7 -1.6 -27.7 -83.4 AA+ 2026-09-10 2.974 2.950 50
3.320 0.6 -1.7 -3.5 -26.8 -85.8 AA- 2026-02-13 3.193 3.100 50
26-02-0655-03-1030-02-0630-02-0630-02-06
34-12-1035-02-0654-09-1028-02-0645-02-06
25-04-1025-08-2825-09-0125-06-2025-03-12
55-03-1026-01-0233-12-1033-12-1044-12-10
2.812.642.872.842.92
2.782.972.662.862.85
2.982.922.922.973.03
2.622.612.832.822.74
26017516010090785
12868663030321
279130806050599
148100403131349
1.0
30.1
5.0
5.0
5.0
9.3
9.8
10.0
29.6
3.0
20.0
14.2
0.2
0.6
0.6
0.4
0.1
0.3
30.1
0.9
8.8
8.8
19.9
16.5
54-09-1054-03-1027-01-1926-01-0229-07-31
34-06-1026-12-0927-12-1043-09-1027-01-05
26-12-1027-06-1026-01-0229-03-1025-06-03
25-08-2825-09-0625-08-2725-09-0154-09-10
2.662.652.752.632.78
2.812.822.662.762.75
2.622.592.622.713.10
2.942.922.942.952.63
-120-48-50-40-40-298
-159-40-40-30-30-299
-61-42-40-31-30-204
-150-150-100-100-70-570
29.6
29.1
2.0
0.9
4.5
17.7
9.3
1.8
2.8
18.6
1.9
7.7
1.8
2.3
0.9
4.1
0.3
1.9
0.6
0.6
0.6
0.6
29.6
4.1
