20 Feb. 2025
▪ 10y 29,000 2.840
▪ 91d 5,000 2.750
▪ 3y 10,000 2.715
0 0 0 0 0 0.000
0 0 0 0 0 0.000
KR Market
KR Bond(%,bp) YTM 1D 1W 1M
CD91D 2.950 -1.0 -3.0 -4.0
2.609 0.5 0.3 -2.7 20,000 2.850 2.818 -
2.684 -0.6 -1.3 5.3 8,000 4.120 3.749 AA+
2.630 -1.2 -1.5 0.9 2,800 - - AA
2.747 -0.8 0.5 3.2 2,099 - 2.881 -
2.875 -0.5 -0.5 1.0 1,800 2.860 2.860 AAA
2.775 -1.0 0.2 3.0 1,400 3.005 3.206 AA-
KR Credit(%,bp) YTM 1D 1W 1M 1,400 3.372 3.206 AA-
3.186 -1.7 -3.3 -5.5 1,300 3.349 3.119 AA-
3.207 -0.7 -1.4 -3.5 1,300 3.318 3.119 AA-
6.541 -2.5 -3.5 -5.7 1,200 - - AA
KTB Futures(tick) 1D 1W
KTBF 3Y 106.6 4.0 -4.0 (십억계약,%,년)
LKTBF 10Y 118.1 6.0 8.0
KR Stock(%) Index 1D 1W 1M
KOSPI 2,671.5 1.70 4.83 6.01
KOSDAQ 778.3 0.60 4.44 6.96
FX Market(%) Price 1D 1W 1M
1,438.5 -0.36 -1.03 -0.91
949.6 0.17 0.07 2.99
IRS(%) 1D(bp) CRS(%) 1D(bp) Spread(bp) 1D(bp)
1Y 2.753 -1.0 1Y 2.680 -0.5 14.4 -1.5
2Y 2.673 -1.5 2Y 2.615 -0.5 -1.2 -0.9
3Y 2.653 -1.5 3Y 2.605 -1 2.3 -0.3
5Y 2.680 -1.0 5Y 2.640 0 -6.7 -0.2
10Y 2.743 -0.5 10Y 2.580 -1 -13.3 0.0
US Bond Market
US Bond(%,bp) YTM 1D 1W 1M
UST2Y 4.289 -2.7 -6.8 0.2
UST5Y 4.385 -2.2 -8.4 -5.0
UST10Y 4.550 -0.2 -7.7 -7.9
UST30Y 4.773 0.4 -6.1 -8.6
KR Credit Market (계약수)
Bond Yield(%, bp) Yield 1D 1W 1M 3M 1Y
2.794 0.6 1.8 0.2 -41.2 -83.9 138 -32 -1,137 -251 1,092
2.875 -0.7 -1.1 2.4 -21.9 -78 6,647 301 -1,457 -19,905 14,104
2.951 -0.7 -1.1 -0.2 -18.4 -73.5
2.860 0.2 1.4 2.2 -37.8 -81.9 Fund Flow (십억원)
2.912 -1.2 -1.6 0.0 -20.7 -87.9 1D 1W 1M YTD
3.010 -0.8 -0.7 -0.4 -18.1 -93.3 MMF* 217,909 1,262 6,158 12,747 46,851
2.949 0.5 1.3 -6.4 -39.7 -78.3 184,044 874 2,420 7,091 47,461
3.101 -1.7 -2.8 -4.8 -23.2 -88.8 135,308 428 2,341 5,844 31,441
3.345 -0.8 -0.3 0.2 -16.3 -91.9 1,711,003 8,755 17,225 9,164 94,411
3.004 0.0 0.5 -8.7 -41.5 -88.4 58,484 -359 -1,134 -2,793 -12,092
3.186 -1.7 -3.3 -5.5 -23.9 -103.3 *는 T-2일 기준, 펀드는 설정액 및 ETF 제외 기준
3.453 -0.8 -0.3 0.2 -16.3 -100.8 **는 T-4일 기준
3.692 0.0 -0.5 -9.7 -43.5 -115.7
4.078 -1.7 -3.0 -5.5 -24.4 -114.2 (십억원)
4.581 -0.8 0.0 1.0 -16.5 -89.4
4.409 0.0 -0.5 -9.7 -43.5 -113.7 AA0 2027-02-14 3.148 3.200 240
4.876 -1.7 -2.5 -5.0 -23.9 -110.2 AA- 2026-01-12 3.054 3.090 150
5.265 -0.8 0.0 1.0 -16.5 -88.4 AA- 2027-10-07 3.257 3.230 140
4.981 0.0 -0.5 -9.7 -43.5 -113.7 AA- 2028-02-19 - 3.070 90
5.516 -1.7 -2.5 -5.0 -23.4 -108.2 AAA 2027-02-26 3.022 3.050 80
5.906 -0.8 0.0 1.0 -16.5 -88.4 AA- 2027-02-05 3.221 3.310 70
2.900 0.8 0.3 -8.0 -35.4 -83.7 AA0 2027-01-22 3.017 3.040 60
3.036 -1.2 -1.9 -3.2 -21.4 -81.8 AA+ 2030-02-19 - 3.170 60
3.125 -0.8 0.5 1.5 -17.1 -81.3 AA- 2026-10-30 3.159 3.080 60
2.936 1.0 -0.2 -8.4 -33.7 -87.8 - 2027-02-19 - 6.200 56
3.133 -0.7 -1.4 -3.5 -19.1 -83.7 AA+ 2028-02-18 - 3.080 50
3.208 -1.0 -0.3 0.7 -16.8 -91 AA- 2025-04-25 3.083 3.080 50
2.965 1.0 -0.2 -8.4 -33.4 -89 AA- 2028-02-18 - 3.170 50
3.159 -0.7 -1.5 -3.6 -19.0 -85.3 A+ 2026-03-06 3.520 3.950 40
3.270 -1.0 -0.3 0.6 -16.5 -91.3 A+ 2027-01-22 3.384 3.710 40
2.996 1.0 -0.2 -8.4 -33.2 -89.9 AA- 2027-01-29 3.201 3.280 40
3.207 -0.7 -1.4 -3.5 -19.0 -86.9 AA- 2026-01-30 2.970 2.990 40
3.375 -0.9 -0.2 0.7 -16.3 -91.9 - 2026-08-19 - 7.100 32
27-08-1925-04-2426-01-0226-08-1927-09-03
25-04-2454-09-1030-02-1955-03-1026-08-19
25-04-2426-02-1925-09-0626-02-1928-02-18
25-04-2455-03-1031-06-1033-12-1032-06-10
2.802.852.582.822.72
2.862.693.122.697.10
2.853.042.902.823.02
2.862.682.892.922.90
3302442101501501,084
14450403532301
737210120120701,257
544135605030819
2.5
0.2
0.9
1.5
2.5
1.5
0.2
29.6
5.0
30.1
1.5
9.3
0.2
1.0
0.5
1.0
3.0
0.6
0.2
30.1
6.3
8.8
7.3
6.3
26-03-1054-09-1026-01-1225-07-3027-03-10
26-01-0225-07-3152-03-1025-06-1053-03-10
42-09-1026-03-1829-09-1027-12-1054-03-10
26-11-1354-09-1034-06-1041-09-1030-06-10
2.622.693.082.902.71
2.572.552.712.522.70
2.792.842.752.632.71
2.852.682.902.802.83
-89-62-50-50-50-301
-490-100-55-50-40-735
-170-50-45-42-27-333
-200-35-22-25-2-283
1.1
29.6
0.9
0.4
2.1
7.0
0.9
0.4
27.1
0.3
28.1
4.2
17.6
1.1
4.6
2.8
29.1
12.4
1.7
29.6
9.3
16.6
5.3
7.1
