13 Feb. 2025
▪ 3Y 30,000 2.615
▪ 91d 5,000 2.860
▪ 1y 4,100 2.630
0 0 0 0 0 0.000
0 0 0 0 0 0.000
KR Market
KR Bond(%,bp) YTM 1D 1W 1M
CD91D 2.980 -1.0 -3.0 -2.0
2.606 0.6 -2.5 -4.6 3,000 2.900 2.852 AAA
2.697 1.2 5.2 1.6 2,000 2.920 2.880 AAA
2.645 0.8 7.3 -2.0 2,000 3.000 2.950 AAA
2.742 2.2 6.7 -1.3 2,000 3.080 2.835 AAA
2.880 2.8 6.8 0.5 1,300 3.050 2.799 AAA
2.773 1.8 3.4 -0.3 1,200 2.943 2.950 AAA
KR Credit(%,bp) YTM 1D 1W 1M 1,100 2.880 2.950 AAA
3.219 0.8 5.3 -11.2 800 3.450 3.493 AAA
3.221 0.8 6.0 -9.0 600 2.870 2.852 AAA
6.576 0.8 6.4 -8.2 500 2.640 - -
KTB Futures(tick) 1D 1W
KTBF 3Y 106.6 -8.0 -21.0 (십억계약,%,년)
LKTBF 10Y 118.0 -31.0 -81.0
KR Stock(%) Index 1D 1W 1M
KOSPI 2,548.4 0.37 1.56 2.36
KOSDAQ 745.2 -0.59 1.94 5.22
FX Market(%) Price 1D 1W 1M
1,453.4 0.06 0.63 -1.18
948.9 -0.73 0.75 1.75
IRS(%) 1D(bp) CRS(%) 1D(bp) Spread(bp) 1D(bp)
1Y 2.753 1.0 1Y 2.750 5 14.7 0.4
2Y 2.670 1.2 2Y 2.595 4 -2.7 0.0
3Y 2.660 1.8 3Y 2.580 2.5 1.5 1.0
5Y 2.688 2.5 5Y 2.615 3 -5.5 0.3
10Y 2.750 3.0 10Y 2.570 3 -13.0 0.2
US Bond Market
US Bond(%,bp) YTM 1D 1W 1M
UST2Y 4.363 7.6 17.2 -2.1
UST5Y 4.489 11.7 24.0 -11.1
UST10Y 4.652 11.4 23.0 -13.2
UST30Y 4.856 10.8 21.8 -10.8
KR Credit Market (계약수)
Bond Yield(%, bp) Yield 1D 1W 1M 3M 1Y
2.776 0.7 -1.6 -6.4 -44.4 -84.6 4,451 -738 1,530 -12,168 6,860
2.886 0.6 6.3 -3.6 -29.2 -74.1 -5,517 824 8,283 -31,803 27,528
2.962 1.2 4.4 -4.4 -26.7 -67.7
2.846 1.1 0.1 -0.2 -41.3 -80.5 Fund Flow (십억원)
2.928 0.6 6.2 -3.3 -28.6 -83.1 1D 1W 1M YTD
3.017 1.5 4.4 -4.5 -27.2 -86.8 MMF* 211,751 -285 7,480 12,830 40,694
2.936 0.3 -4.2 -13.7 -42.4 -78.6 181,624 365 2,349 7,292 45,041
3.129 0.8 5.3 -11.0 -28.7 -85.5 132,967 584 2,209 4,062 29,099
3.348 2.0 5.5 -5.5 -26.0 -87.4 1,693,778 4,001 -1,102 -17,903 77,185
2.999 0.0 -4.5 -15.2 -44.0 -88.4 59,618 79 528 -2,265 -10,958
3.219 0.8 5.3 -11.2 -29.3 -99.5 *는 T-2일 기준, 펀드는 설정액 및 ETF 제외 기준
3.456 2.0 5.5 -5.5 -26.0 -96.3 **는 T-4일 기준
3.697 0.3 -4.2 -15.2 -45.3 -113.2
4.108 0.8 5.3 -10.5 -31.1 -108.2 (십억원)
4.581 2.0 5.5 -5.0 -26.5 -83.7
4.414 0.3 -4.2 -15.2 -45.3 -111.2 AA- 2027-05-28 3.249 3.160 90
4.901 0.8 5.3 -10.5 -31.1 -104.7 AAA 2038-12-08 - 3.450 80
5.265 2.0 5.5 -5.0 -26.5 -82.7 A+ 2026-07-23 3.354 3.530 60
4.986 0.3 -4.2 -15.2 -45.3 -110.2 A+ 2027-01-29 3.192 3.310 60
5.541 0.8 5.3 -10.5 -30.6 -101.2 AA+ 2026-10-27 3.055 3.040 60
5.906 2.0 5.5 -5.0 -26.5 -81.9 AA+ 2026-04-23 2.997 3.000 50
2.897 0.4 -4.5 -12.0 -36.6 -83.3 AA- 2026-04-23 3.040 3.030 50
3.055 0.8 5.9 -8.5 -28.9 -77.2 AA- 2027-06-12 3.110 3.130 50
3.120 2.2 6.0 -4.5 -27.5 -77.1 A0 2026-03-04 3.425 3.450 50
2.938 0.6 -4.5 -11.3 -35.0 -88.4 AA- 2027-04-23 3.243 3.150 50
3.147 0.8 6.1 -9.0 -26.9 -80.2 AA0 2026-09-23 2.977 2.980 40
3.211 2.2 6.4 -5.8 -26.5 -85.6 A0 2028-01-24 4.391 4.670 40
2.967 0.6 -4.5 -11.3 -34.7 -89.6 AAA 2026-08-07 2.834 2.880 40
3.174 0.8 6.1 -8.9 -27.2 -81.7 AA0 2027-03-18 3.072 3.080 40
3.273 2.2 6.4 -5.6 -26.3 -85.8 AA- 2026-04-24 3.127 3.050 40
2.998 0.6 -4.5 -11.1 -34.5 -90.5 AA0 2026-07-24 3.016 3.000 40
3.221 0.8 6.0 -9.0 -27.3 -83.4 AA0 2027-01-22 3.075 3.020 30
3.377 2.2 6.3 -5.7 -26.1 -86.5 AA+ 2026-02-24 2.910 2.880 30
25-04-1730-02-1227-01-0227-09-0329-09-10
25-04-1734-06-1034-12-1026-09-0328-03-10
25-04-1727-12-1026-02-1226-02-1227-02-12
25-04-1729-09-1054-09-1026-09-1031-12-10
2.982.882.702.732.74
3.002.912.872.732.73
2.982.653.083.052.90
2.982.732.692.702.89
740909080581,058
200163885050551
830237190120901,467
501174706160866
0.2
5.0
1.9
2.6
4.6
1.2
0.2
9.3
9.8
1.6
3.1
4.8
0.2
2.8
1.0
1.0
2.0
0.9
0.2
4.6
29.6
1.6
6.8
4.0
26-12-1026-07-0226-09-0325-10-0226-01-02
32-06-1048-03-1033-06-1054-03-1026-12-10
54-09-1034-12-1026-12-1529-08-3027-12-03
25-10-2225-07-1725-06-1025-10-2228-09-10
2.692.712.732.642.61
2.912.772.922.722.69
2.702.873.032.983.06
2.892.992.752.892.76
-60-60-50-30-30-230
-63-20-18-13-12-126
-53-34-20-20-20-147
-150-100-70-50-25-395
1.8
1.4
1.6
0.6
0.9
1.4
7.3
23.1
8.3
29.1
1.8
11.7
29.6
9.8
1.8
4.5
2.8
14.2
0.7
0.4
0.3
0.7
3.6
0.7
