12 Feb. 2025
▪ 3Y 30,000 2.615
▪ 91d 5,000 2.860
▪ 0 0 0 0 0 0.000
0 0 0 0 0 0.000
0 0 0 0 0 0.000
KR Market
KR Bond(%,bp) YTM 1D 1W 1M
CD91D 2.990 0.0 -1.0 -1.0
2.600 -1.4 -3.9 -3.9 5,000 2.860 2.868
2.685 0.5 3.8 7.5 2,800 2.840 2.841 AAA
2.637 0.5 5.7 6.7 2,000 2.840 2.845 AAA
2.720 0.8 1.8 3.8 1,600 2.918 2.949 AAA
2.852 1.5 1.2 1.2 1,551 3.900 - -
2.755 0.7 -3.5 0.7 1,400 2.911 2.851 AAA
KR Credit(%,bp) YTM 1D 1W 1M 1,285 3.900 - -
3.211 0.0 3.2 -4.5 1,200 2.950 2.949 AAA
3.213 0.3 4.0 -1.6 1,100 2.999 2.949 AAA
6.568 0.5 4.4 -0.2 400 2.900 2.878 AAA
KTB Futures(tick) 1D 1W
KTBF 3Y 106.7 -3.0 -17.0 (십억계약,%,년)
LKTBF 10Y 118.3 -16.0 -35.0
KR Stock(%) Index 1D 1W 1M
KOSPI 2,539.1 0.71 2.31 0.92
KOSDAQ 749.6 -0.01 4.12 4.42
FX Market(%) Price 1D 1W 1M
1,452.6 0.10 -0.70 -0.85
955.9 0.35 2.27 2.38
IRS(%) 1D(bp) CRS(%) 1D(bp) Spread(bp) 1D(bp)
1Y 2.743 0.0 1Y 2.700 1 14.3 1.4
2Y 2.658 0.5 2Y 2.555 0 -2.7 0.0
3Y 2.643 0.8 3Y 2.555 -1 0.6 0.3
5Y 2.663 1.3 5Y 2.585 -0.5 -5.8 0.5
10Y 2.720 1.8 10Y 2.540 -1.5 -13.2 0.3
US Bond Market
US Bond(%,bp) YTM 1D 1W 1M
UST2Y 4.287 0.8 7.1 -9.4
UST5Y 4.372 2.9 4.9 -20.3
UST10Y 4.538 3.8 2.3 -22.3
UST30Y 4.748 3.9 0.0 -20.0
KR Credit Market (계약수)
Bond Yield(%, bp) Yield 1D 1W 1M 3M 1Y
2.769 -1.0 -3.2 -5.9 -44.7 -83.6 -6,610 7 696 -10,069 15,393
2.880 0.2 4.9 3.7 -31.3 -70.7 -12,547 1,833 8,550 -17,974 18,839
2.950 0.1 0.3 0.6 -28.1 -64.7
2.835 -0.6 -2.0 -0.1 -42.3 -80.3 Fund Flow (십억원)
2.922 0.2 4.7 3.9 -30.7 -79.9 1D 1W 1M YTD
3.002 0.2 0.2 0.1 -28.8 -84.2 MMF* 212,036 -1,528 19,300 13,115 40,979
2.933 -1.0 -6.5 -14.0 -42.7 -77.9 181,259 162 3,139 6,928 44,676
3.121 0.0 3.2 -4.3 -31.0 -83.1 132,383 -93 1,759 3,478 28,515
3.328 0.8 0.3 0.0 -28.0 -86.2 1,714,124 0 0 2,930 97,532
2.999 -1.0 -6.5 -15.2 -44.0 -87.4 60,271 0 0 -1,628 -10,304
3.211 0.0 3.2 -4.5 -31.6 -97.1 *는 T-2일 기준, 펀드는 설정액 및 ETF 제외 기준
3.436 0.8 0.3 0.0 -28.0 -95.1 **는 T-4일 기준
3.694 -1.0 -6.5 -15.5 -45.6 -112
4.100 0.0 3.2 -2.8 -33.4 -105.3 (십억원)
4.561 0.8 0.3 0.5 -28.5 -81.7
4.411 -1.0 -6.5 -15.5 -45.6 -110 AA0 2027-01-29 3.069 3.070 150
4.893 0.0 3.2 -2.8 -33.4 -101.8 AA+ 2030-01-24 3.138 3.220 120
5.245 0.8 0.3 0.5 -28.5 -80.7 AAA 2026-03-03 2.936 3.020 100
4.983 -1.0 -6.5 -15.5 -45.6 -109 AA+ 2026-01-30 2.997 2.980 80
5.533 0.0 3.2 -2.8 -32.9 -98.3 AA0 2026-01-30 3.002 2.980 80
5.886 0.8 0.3 0.5 -28.5 -79.9 AA- 2028-01-17 3.060 3.040 60
2.893 -1.4 -6.0 -11.6 -36.5 -82.6 AAA 2026-09-16 2.905 2.910 50
3.047 0.4 3.9 -1.6 -30.8 -74 AAA 2025-03-03 3.108 3.580 50
3.098 0.6 1.1 -0.6 -29.6 -74.8 AA- 2025-02-28 3.080 3.300 50
2.932 -1.4 -6.3 -10.9 -35.1 -87.3 AA- 2025-09-02 3.222 3.180 50
3.139 0.3 4.1 -1.6 -29.0 -77.4 AA0 2026-01-19 2.958 2.950 40
3.189 0.8 1.5 -1.4 -28.8 -83.3 AA0 2027-01-22 3.078 3.040 40
2.961 -1.4 -6.3 -10.9 -34.8 -88.6 AA- 2025-09-19 3.257 3.120 40
3.166 0.4 4.1 -1.6 -29.3 -78.9 AA0 2026-11-04 3.182 3.080 40
3.251 0.8 1.5 -1.2 -28.6 -83.5 - 2028-12-20 - 3.670 40
2.992 -1.4 -6.3 -10.8 -34.6 -89.5 AA0 2025-04-21 3.045 3.030 32
3.213 0.3 4.0 -1.6 -29.4 -80.6 AA- 2025-06-09 3.441 3.420 30
3.355 0.8 1.4 -1.3 -28.4 -84.2 AA- 2027-02-05 3.241 3.330 30
30-02-1127-09-0355-03-1025-12-1026-01-09
42-09-1030-01-3130-02-1134-12-1030-02-11
26-02-1125-11-1127-02-1127-12-1026-03-25
26-01-0254-09-1047-03-1026-03-1055-03-10
2.922.712.672.672.64
2.772.892.922.833.00
2.842.842.912.642.85
2.602.672.742.642.66
11080787060398
10060503930279
10070605250332
10071605640327
5.0
2.6
30.1
0.8
0.9
8.1
17.6
5.0
5.0
9.8
5.0
10.2
1.0
0.7
2.0
2.8
1.1
1.4
0.9
29.6
22.1
1.1
30.1
14.6
54-09-1029-03-1027-01-1931-12-1026-01-02
42-12-1025-12-2528-06-1028-12-1026-12-13
42-09-1026-06-1025-06-1330-12-1054-03-10
25-08-2325-08-2025-10-2225-03-1025-03-10
2.682.732.782.852.61
2.772.762.722.752.79
2.792.703.072.862.69
2.962.962.872.852.74
-62-50-40-30-30-212
-110-70-50-40-30-300
-51-50-40-30-28-199
-150-110-100-550-415
29.6
4.1
1.9
6.8
0.9
11.1
17.8
0.9
3.3
3.8
1.8
8.0
17.6
1.3
0.3
5.8
29.1
9.9
0.5
0.5
0.7
0.1
0.1
0.5
