18 Feb. 2025
▪ 10y 29,000 2.840
▪ 91d 5,000 2.750
▪ 0 0 0 0 0 0.000
0 0 0 0 0 0.000
0 0 0 0 0 0.000
KR Market
KR Bond(%,bp) YTM 1D 1W 1M
CD91D 2.970 -1.0 -2.0 -2.0
2.587 0.2 -2.7 -3.3 3,500 2.800 2.807 AAA
2.672 1.0 -0.8 7.4 2,120 5.600 - -
2.622 1.4 -1.0 3.5 2,000 2.892 2.854 AAA
2.730 2.2 1.8 4.0 2,000 2.904 2.833 AAA
2.867 2.1 3.0 5.3 2,000 2.830 2.837 AAA
2.783 1.9 3.5 5.6 1,700 2.760 2.822 AAA
KR Credit(%,bp) YTM 1D 1W 1M 1,500 2.884 2.767 AAA
3.186 1.0 -2.5 -3.0 1,100 3.262 3.335 A+
3.194 1.2 -1.6 -3.1 1,000 2.980 2.924 AAA
6.546 1.1 -1.7 -2.2 900 3.357 3.524 A+
KTB Futures(tick) 1D 1W
KTBF 3Y 106.7 -7.0 -5.0 (십억계약,%,년)
LKTBF 10Y 118.1 -24.0 -18.0
KR Stock(%) Index 1D 1W 1M 25-05-20 2.77 240 0 .3 26-01-02 2.59 -50 0 .9
KOSPI 2,610.4 0.75 3.54 3.44 26-08-17 2.80 150 1 .5 34-06-10 2.90 -45 9 .3
27-09-03 2.71 130 2 .5 33-12-10 2.90 -40 8 .8
KOSDAQ 768.5 1.61 2.51 6.04 27-02-17 2.76 110 2 .0 26-09-03 2.69 -40 1 .5
FX Market(%) Price 1D 1W 1M 27-07-07 2.77 100 2 .4 26-07-02 2.68 -30 1 .4
730 1 .5 -205 4 .5
1,441.7 -0.12 -0.65 -1.14
950.3 0.67 -0.25 1.53
34-12-10 2.85 113 9 .8 30-06-10 2.81 -60 5 .3
54-09-10 2.70 75 2 9.6 34-06-10 2.87 -35 9 .3
IRS(%) 1D(bp) CRS(%) 1D(bp) Spread(bp) 1D(bp) 36-09-10 2.88 50 1 1.6 30-12-10 2.91 -40 5 .8
30-01-31 2.90 40 5 .0 27-01-24 2.98 -30 1 .9
1Y 2.755 0.5 1Y 2.680 -3 16.8 0.3 25-04-18 3.12 40 0 .2 28-06-10 2.77 -30 3 .3
2Y 2.673 1.8 2Y 2.610 1.5 0.0 0.7 318 1 2.9 -195 5 .3
3Y 2.645 2.0 3Y 2.600 1.5 2.3 0.6
5Y 2.668 1.8 5Y 2.620 1.5 -6.3 -0.4 27-02-17 2.90 127 2 .0 42-09-10 2.79 -48 1 7.6
26-08-17 2.80 100 1 .5 26-04-02 2.68 -40 1 .1
10Y 2.730 1.8 10Y 2.570 1.5 -13.7 -0.3 26-02-17 2.83 70 1 .0 33-12-10 2.90 -32 8 .8
26-02-13 2.88 70 1 .0 26-06-11 2.81 -30 1 .3
27-02-17 2.76 50 2 .0 26-01-02 2.59 -30 0 .9
US Bond Market 417 1 .5 -180 6 .8
US Bond(%,bp) YTM 1D 1W 1M
UST2Y 4.263 0.0 -1.6 -2.4 25-05-20 2.76 200 0 .3 29-09-10 2.71 -40 4 .6
UST5Y 4.329 0.0 -1.4 -10.6 27-03-10 2.68 105 2 .1 25-10-02 2.63 -40 0 .6
54-09-10 2.69 70 2 9.6 31-06-10 2.86 -30 6 .3
UST10Y 4.477 0.0 -2.3 -15.2 31-12-10 2.87 40 6 .8 41-09-10 2.81 -25 1 6.6
47-03-10 2.75 20 2 2.1 53-09-10 3.80 -20 2 8.6
UST30Y 4.699 0.0 -1.0 -16.0
435 7 .0 -155 8 .9
KR Credit Market (계약수)
Bond Yield(%, bp) Yield 1D 1W 1M 3M 1Y
2.772 0.7 -0.7 -0.6 -44.4 -87 5,156 -522 -101 -1,391 -3,532
2.867 1.3 -1.1 3.7 -27.9 -79.5 4,183 -1,230 955 -42,154 37,999
2.940 1.6 -0.9 1.2 -24.2 -73.5
2.842 0.5 0.1 2.2 -40.8 -83.3 Fund Flow (십억원)
2.904 1.3 -1.6 2.6 -27.0 -89.3 1D 1W 1M YTD
2.997 1.9 -0.3 0.7 -24.3 -93.3 MMF* 215,596 1,805 2,032 12,230 44,539
2.926 0.5 -1.7 -7.7 -42.9 -80.6 182,442 691 1,344 6,560 45,858
3.101 1.0 -2.0 -2.3 -28.2 -90.1 134,493 831 2,017 6,798 30,626
3.331 1.8 1.1 0.8 -22.7 -92.6 1,692,638 1,130 -728 -10,524 76,046
2.989 0.5 -2.0 -9.2 -44.2 -89.9 58,660 -602 -270 -2,477 -11,916
3.186 1.0 -2.5 -3.0 -29.1 -104.6 *는 T-2일 기준, 펀드는 설정액 및 ETF 제외 기준
3.439 1.8 1.1 0.8 -22.7 -101.5 **는 T-4일 기준
3.677 0.0 -2.7 -10.2 -46.5 -117.2
4.075 1.0 -2.5 -3.3 -30.4 -115.8 (십억원)
4.564 1.8 1.1 1.3 -23.2 -90.4
4.394 0.0 -2.7 -10.2 -46.5 -115.2 AA+ 2027-01-24 2.986 2.980 150
4.873 1.0 -2.0 -2.8 -29.9 -111.8 A+ 2027-02-17 - 3.270 96
5.248 1.8 1.1 1.3 -23.2 -89.4 AA0 2027-02-14 3.128 3.160 80
4.966 0.0 -2.7 -10.2 -46.5 -114.2 - 2027-07-09 - 4.070 70
5.513 1.0 -2.0 -2.8 -29.4 -108.3 AA+ 2026-02-06 2.960 2.960 60
5.889 1.8 1.1 1.3 -23.2 -88.6 AA0 2026-02-27 3.068 3.000 50
2.880 0.2 -2.7 -8.7 -38.3 -87 AA+ 2027-01-25 3.057 3.000 50
3.028 1.4 -1.5 -1.6 -27.5 -84 AA+ 2025-10-23 3.078 3.040 50
3.108 2.2 1.6 2.0 -23.8 -82.2 AA- 2026-04-08 3.001 3.000 50
2.916 -0.3 -3.0 -9.1 -36.7 -91.6 A+ 2028-02-17 - 3.390 50
3.120 1.3 -1.6 -3.0 -25.3 -87 AAA 2029-11-27 2.967 3.000 40
3.193 2.2 1.2 1.0 -23.3 -91.7 AA0 2026-03-09 3.090 3.030 40
2.945 -0.3 -3.0 -9.1 -36.4 -92.8 AA+ 2027-01-29 3.075 3.020 40
3.146 1.2 -1.6 -3.1 -25.4 -88.6 AA- 2027-10-04 3.033 3.030 40
3.255 2.2 1.2 1.0 -23.0 -91.9 AA- 2025-09-05 3.199 3.140 40
2.976 -0.3 -3.0 -9.1 -36.2 -93.7 AA- 2025-04-18 3.230 3.120 40
3.194 1.2 -1.6 -3.1 -25.4 -90.2 AA0 2027-02-19 3.065 3.010 40
3.359 2.2 1.2 0.9 -22.9 -92.7 - 2027-06-21 - 3.700 40
